Group1; SecondsElapsed; DateTimePC; N95_NTC1 | N95_NTC2 | N95_TestSB || N13_NTC1 | N13_NTC2 | N13_TestSB || N18_NTC1 | N18_NTC2 | N18_TestSB || N19_NTC1 | N19_NTC2 | N19_TestSB || N25_NTC1 | N25_NTC2 | N25_TestSB
Group1; 0.044305; 2026-07-06 12:13:17.369047; New Node Array: 95 13 18 19 25
Group1; 0.060292; 2026-07-06 12:13:17.385034; 
Group1; 11.467954; 2026-07-06 12:13:28.792696; N95_NTC1 | N95_NTC2 | N95_TestSB || N13_NTC1 | N13_NTC2 | N13_TestSB || N18_NTC1 | N18_NTC2 | N18_TestSB || N19_NTC1 | N19_NTC2 | N19_TestSB || N25_NTC1 | N25_NTC2 | N25_TestSB
Group1; 22.907563; 2026-07-06 12:13:40.232305; 839912 | 840311 | 839746 || 839234 | 837482 | 838085 || 843562 | 841152 | 837674 || 838057 | 833582 | 831726 || 832955 | 831116 | 830203
Group1; 34.331224; 2026-07-06 12:13:51.655966; 829784 | 829573 | 828557 || 828665 | 826810 | 827295 || 833911 | 833555 | 825427 || 827261 | 821250 | 820090 || 820658 | 819675 | 819075
Group1; 45.770926; 2026-07-06 12:14:03.095668; 818242 | 818392 | 817556 || 816779 | 815245 | 815311 || 822989 | 821426 | 813108 || 815222 | 809072 | 808123 || 808760 | 808103 | 808645
Group1; 57.210703; 2026-07-06 12:14:14.535445; 805660 | 805915 | 805532 || 803953 | 802131 | 802758 || 810430 | 809682 | 800873 || 802714 | 797414 | 796673 || 797179 | 797286 | 796942
Group1; 68.649998; 2026-07-06 12:14:25.974740; 795889 | 796401 | 795728 || 794945 | 793311 | 794282 || 800579 | 800082 | 792763 || 794399 | 790661 | 790477 || 790432 | 791124 | 791409
Group1; 80.090037; 2026-07-06 12:14:37.414779; 789744 | 790361 | 790402 || 788959 | 788328 | 789711 || 793239 | 792460 | 788337 || 789422 | 786378 | 786176 || 786289 | 787233 | 787573
Group1; 91.51348; 2026-07-06 12:14:48.838222; 786281 | 787473 | 787355 || 786255 | 785846 | 787778 || 789150 | 788000 | 786052 || 786797 | 784302 | 784338 || 784312 | 785504 | 786161
Group1; 102.953082; 2026-07-06 12:15:00.277824; 784766 | 786123 | 786233 || 784866 | 784414 | 786324 || 787280 | 786083 | 785045 || 785633 | 783699 | 783869 || 783814 | 785059 | 785894
Group1; 114.392735; 2026-07-06 12:15:11.717477; 784488 | 785922 | 785903 || 784713 | 784347 | 786171 || 786540 | 785267 | 784942 || 785434 | 783789 | 784081 || 784052 | 785344 | 785858
Group1; 125.832093; 2026-07-06 12:15:23.156835; 784539 | 785692 | 785799 || 784647 | 784471 | 786508 || 786266 | 785304 | 785351 || 785872 | 784414 | 784769 || 784606 | 785999 | 786627
Group1; 137.255794; 2026-07-06 12:15:34.580536; 785188 | 786401 | 786630 || 785173 | 785173 | 787538 || 786703 | 785712 | 786685 || 786486 | 785326 | 785579 || 785421 | 786692 | 787302
Group1; 148.69571; 2026-07-06 12:15:46.020452; 786114 | 787653 | 787897 || 786676 | 786425 | 788515 || 787628 | 786857 | 786996 || 787770 | 786536 | 786909 || 786816 | 788144 | 788770
Group1; 160.13536; 2026-07-06 12:15:57.460102; 787466 | 788786 | 789092 || 787718 | 787760 | 790216 || 788828 | 788278 | 788919 || 789234 | 787768 | 787892 || 787862 | 789374 | 790102
Group1; 171.574625; 2026-07-06 12:16:08.899367; 788823 | 790242 | 790409 || 788941 | 788923 | 790966 || 790064 | 788940 | 789597 || 790132 | 788484 | 788611 || 788613 | 789875 | 790362
Group1; 183.014148; 2026-07-06 12:16:20.338890; 789107 | 790346 | 790488 || 789107 | 789004 | 791324 || 790537 | 789500 | 789804 || 790224 | 788290 | 788331 || 788151 | 789375 | 789937
Group1; 194.437937; 2026-07-06 12:16:31.762679; 788498 | 789693 | 789660 || 788342 | 787939 | 789797 || 790047 | 789144 | 788395 || 789103 | 786897 | 786649 || 786736 | 787725 | 788296
Group1; 205.877507; 2026-07-06 12:16:43.202249; 786826 | 788104 | 788126 || 787006 | 786548 | 788415 || 788766 | 787861 | 786978 || 787533 | 785115 | 785118 || 785042 | 785943 | 786528
Group1; 217.317111; 2026-07-06 12:16:54.641853; 785287 | 786450 | 786518 || 785158 | 784916 | 786554 || 787310 | 786451 | 785365 || 786081 | 784032 | 784045 || 784066 | 785215 | 785776
Group1; 228.756777; 2026-07-06 12:17:06.081519; 784435 | 785568 | 785627 || 784388 | 784116 | 786148 || 786339 | 785286 | 784787 || 785319 | 783486 | 783574 || 783603 | 784768 | 785423
Group1; 240.180348; 2026-07-06 12:17:17.505090; 784015 | 785415 | 785637 || 784316 | 784073 | 786164 || 785912 | 784978 | 784918 || 785301 | 783667 | 783877 || 783814 | 785089 | 785787
Group1; 251.620007; 2026-07-06 12:17:28.944749; 784474 | 785893 | 786023 || 784549 | 784473 | 786406 || 786077 | 785110 | 785129 || 785700 | 784155 | 784319 || 784285 | 785555 | 786184
Group1; 263.059765; 2026-07-06 12:17:40.384507; 784890 | 786147 | 786369 || 785126 | 785109 | 787121 || 786540 | 785597 | 785669 || 786212 | 784627 | 784913 || 784820 | 786185 | 786913
Group1; 274.49931; 2026-07-06 12:17:51.824052; 785527 | 786674 | 786542 || 785389 | 785094 | 787488 || 786878 | 785867 | 786059 || 786527 | 785028 | 785112 || 785178 | 786177 | 786759
Group1; 285.922803; 2026-07-06 12:18:03.247545; 785480 | 786692 | 786932 || 785674 | 785463 | 787403 || 787090 | 786136 | 786048 || 786514 | 784789 | 784996 || 784830 | 785891 | 786316
Group1; 297.362627; 2026-07-06 12:18:14.687369; 785095 | 786197 | 786297 || 785096 | 784873 | 786827 || 786803 | 785799 | 785531 || 786129 | 784210 | 784355 || 784283 | 785476 | 785945
Group1; 308.80231; 2026-07-06 12:18:26.127052; 784722 | 785752 | 785752 || 784683 | 784089 | 785985 || 786339 | 785203 | 784868 || 785386 | 783677 | 783607 || 783631 | 784609 | 785137
Group1; 320.241806; 2026-07-06 12:18:37.566548; 783752 | 785049 | 785266 || 784032 | 783781 | 785757 || 785766 | 784795 | 784270 || 784953 | 783031 | 783112 || 783080 | 784148 | 784716
Group1; 331.681314; 2026-07-06 12:18:49.006056; 783426 | 784811 | 784951 || 783668 | 783506 | 785429 || 785326 | 784345 | 784123 || 784640 | 782853 | 783010 || 782898 | 784087 | 784643
Group1; 343.105109; 2026-07-06 12:19:00.429851; 783423 | 784923 | 785202 || 783770 | 783859 | 785978 || 785320 | 784403 | 784327 || 784855 | 783012 | 783217 || 783147 | 784455 | 785274
Group1; 354.544708; 2026-07-06 12:19:11.869450; 783884 | 785346 | 785777 || 784266 | 784220 | 786084 || 785675 | 784646 | 784551 || 785178 | 783548 | 783978 || 783683 | 784961 | 785629
Group1; 365.984181; 2026-07-06 12:19:23.308923; 784328 | 785616 | 785752 || 784503 | 784375 | 786347 || 785896 | 784941 | 784887 || 785452 | 783868 | 784146 || 783979 | 785420 | 786002
Group1; 377.423916; 2026-07-06 12:19:34.748658; 784657 | 785875 | 786021 || 784685 | 784393 | 786553 || 786040 | 785090 | 785028 || 785635 | 783949 | 784155 || 784028 | 785312 | 785966
Group1; 388.847519; 2026-07-06 12:19:46.172261; 784617 | 785834 | 785858 || 784576 | 784357 | 786414 || 786075 | 785179 | 785174 || 785653 | 783960 | 784166 || 784078 | 785139 | 785594
Group1; 400.287143; 2026-07-06 12:19:57.611885; 784215 | 785520 | 785711 || 784576 | 784371 | 786406 || 786076 | 785128 | 785128 || 785588 | 783925 | 783933 || 783932 | 784954 | 785525
Group1; 411.726581; 2026-07-06 12:20:09.051323; 784169 | 785475 | 785595 || 784411 | 784230 | 786191 || 786006 | 785012 | 784865 || 785473 | 783878 | 783963 || 783901 | 784968 | 785494
Group1; 423.166449; 2026-07-06 12:20:20.491191; 784185 | 785544 | 785640 || 784399 | 784157 | 786140 || 785956 | 784963 | 784656 || 785361 | 783551 | 783605 || 783608 | 785025 | 785550
Group1; 434.606032; 2026-07-06 12:20:31.930774; 784349 | 785577 | 785634 || 784321 | 784117 | 786145 || 785914 | 784901 | 784759 || 785383 | 783693 | 783784 || 783763 | 784876 | 785554
Group1; 446.029502; 2026-07-06 12:20:43.354244; 784209 | 785489 | 785541 || 784272 | 784083 | 786222 || 785818 | 784865 | 784822 || 785344 | 783717 | 783945 || 783825 | 785116 | 785648
Group1; 457.469174; 2026-07-06 12:20:54.793916; 784303 | 785720 | 785870 || 784651 | 784457 | 786237 || 785978 | 785095 | 785036 || 785575 | 783940 | 784196 || 784101 | 785307 | 785850
Group1; 468.908885; 2026-07-06 12:21:06.233627; 784510 | 785805 | 786101 || 784675 | 784681 | 786763 || 786142 | 785255 | 785245 || 785700 | 784057 | 784254 || 784152 | 785403 | 785890
Group1; 480.348546; 2026-07-06 12:21:17.673288; 784598 | 785981 | 786157 || 784976 | 784727 | 786653 || 786349 | 785463 | 785345 || 785994 | 784261 | 784270 || 784303 | 785404 | 786018
Group1; 491.771979; 2026-07-06 12:21:29.096721; 784751 | 785983 | 785999 || 784804 | 784638 | 786622 || 786324 | 785392 | 785208 || 785823 | 784015 | 784086 || 784033 | 785422 | 785823
Group1; 503.211699; 2026-07-06 12:21:40.536441; 784653 | 785932 | 785995 || 784815 | 784671 | 786714 || 786324 | 785332 | 785184 || 785828 | 783988 | 784190 || 784088 | 785287 | 785830
Group1; 514.651223; 2026-07-06 12:21:51.975965; 784441 | 785846 | 786021 || 784831 | 784628 | 786708 || 786324 | 785317 | 785341 || 785984 | 784192 | 784377 || 784271 | 785343 | 785888
Group1; 526.090897; 2026-07-06 12:22:03.415639; 784560 | 785905 | 786153 || 784910 | 784789 | 786965 || 786402 | 785480 | 785607 || 785987 | 784258 | 784466 || 784266 | 785461 | 786093
Group1; 537.514592; 2026-07-06 12:22:14.839334; 784687 | 785996 | 786292 || 784940 | 784887 | 787076 || 786450 | 785566 | 785454 || 786081 | 784259 | 784370 || 784371 | 785556 | 786214
Group1; 548.954201; 2026-07-06 12:22:26.278943; 784867 | 786172 | 786310 || 785083 | 784962 | 786888 || 786537 | 785609 | 785429 || 786058 | 784270 | 784551 || 784452 | 785686 | 786203
Group1; 560.393725; 2026-07-06 12:22:37.718467; 784868 | 786211 | 786463 || 785093 | 784945 | 787006 || 786585 | 785716 | 785669 || 786197 | 784386 | 784568 || 784460 | 785674 | 786165
Group1; 571.833303; 2026-07-06 12:22:49.158045; 784898 | 786112 | 786262 || 785029 | 784874 | 786908 || 786570 | 785639 | 785391 || 786059 | 784229 | 784398 || 784250 | 785420 | 785882
Group1; 583.272867; 2026-07-06 12:23:00.597609; 784561 | 785857 | 786214 || 784888 | 784979 | 786972 || 786487 | 785658 | 785600 || 786203 | 784454 | 784529 || 784518 | 785714 | 786303
Group1; 594.696622; 2026-07-06 12:23:12.021364; 784915 | 786152 | 786331 || 785133 | 784962 | 787055 || 786602 | 785688 | 785660 || 786180 | 784526 | 784702 || 784615 | 785872 | 786595
Group1; 606.136218; 2026-07-06 12:23:23.460960; 785229 | 786527 | 786623 || 785293 | 785239 | 787314 || 786793 | 785860 | 785990 || 786456 | 784964 | 785195 || 785034 | 786197 | 786642
Group1; 617.575807; 2026-07-06 12:23:34.900549; 785432 | 786643 | 786761 || 785672 | 785454 | 787527 || 787112 | 786196 | 786167 || 786680 | 785030 | 785183 || 785143 | 786421 | 786995
Group1; 629.015298; 2026-07-06 12:23:46.340040; 785723 | 786872 | 786921 || 785742 | 785548 | 787489 || 787177 | 786272 | 786230 || 786809 | 785036 | 785139 || 785098 | 786254 | 786966
Group1; 640.439076; 2026-07-06 12:23:57.763818; 785564 | 786943 | 787224 || 786002 | 785876 | 787902 || 787371 | 786492 | 786273 || 786898 | 785036 | 785171 || 785119 | 786400 | 787053
Group1; 651.878737; 2026-07-06 12:24:09.203479; 785797 | 787105 | 787332 || 785955 | 785948 | 787916 || 787461 | 786597 | 786473 || 786989 | 785136 | 785494 || 785325 | 786826 | 787421
Group1; 663.318537; 2026-07-06 12:24:20.643279; 786094 | 787314 | 787291 || 786100 | 786064 | 788081 || 787570 | 786721 | 786753 || 787257 | 785641 | 785529 || 785592 | 786601 | 787144
Group1; 674.758017; 2026-07-06 12:24:32.082759; 785900 | 787220 | 787327 || 786250 | 786201 | 788144 || 787636 | 786744 | 786690 || 787175 | 785308 | 785410 || 785309 | 786603 | 787232
Group1; 686.181538; 2026-07-06 12:24:43.506280; 785967 | 787233 | 787386 || 785799 | 785708 | 787695 || 787476 | 786508 | 786218 || 786807 | 785095 | 785291 || 785171 | 786391 | 786979
Group1; 697.621091; 2026-07-06 12:24:54.945833; 785642 | 786899 | 786965 || 785715 | 785495 | 787568 || 787317 | 786398 | 786361 || 786845 | 785142 | 785231 || 785147 | 786354 | 786827
Group2; SecondsElapsed; DateTimePC; N26_NTC1 | N26_NTC2 | N26_TestSB || N28_NTC1 | N28_NTC2 | N28_TestSB || N35_NTC1 | N35_NTC2 | N35_TestSB || N62_NTC1 | N62_NTC2 | N62_TestSB || N85_NTC1 | N85_NTC2 | N85_TestSB
Group2; 697.697085; 2026-07-06 12:24:55.021827; New Node Array: 26 28 35 62 85
Group2; 697.697264; 2026-07-06 12:24:55.022006; 
Group2; 709.104881; 2026-07-06 12:25:06.429623; N26_NTC1 | N26_NTC2 | N26_TestSB || N28_NTC1 | N28_NTC2 | N28_TestSB || N35_NTC1 | N35_NTC2 | N35_TestSB || N62_NTC1 | N62_NTC2 | N62_TestSB || N85_NTC1 | N85_NTC2 | N85_TestSB
Group2; 720.544368; 2026-07-06 12:25:17.869110; 786360 | 787055 | 787280 || 785042 | 16777216 | 786970 || 789081 | 786084 | 784799 || 786050 | 788572 | 787372 || 787704 | 785789 | 786184
Group2; 731.984095; 2026-07-06 12:25:29.308837; 786905 | 787623 | 787922 || 785706 | 16777216 | 787229 || 789501 | 786408 | 785071 || 786352 | 788784 | 787680 || 788058 | 786017 | 786530
Group2; 743.398434; 2026-07-06 12:25:40.723176; 787105 | 787815 | 788060 || 785631 | 16777216 | 787483 || 789507 | 786609 | 785208 || 786581 | 789005 | 787726 || 788244 | 786292 | 786677
Group2; 754.823354; 2026-07-06 12:25:52.148096; 787300 | 787797 | 787990 || 785567 | 16777216 | 787095 || 789394 | 786263 | 784944 || 786249 | 788611 | 787423 || 788059 | 785972 | 786488
Group2; 766.255852; 2026-07-06 12:26:03.580594; 787022 | 787669 | 787865 || 785278 | 16777216 | 787042 || 789067 | 786177 | 784896 || 786179 | 788797 | 787562 || 788032 | 785982 | 786423
Group2; 777.692046; 2026-07-06 12:26:15.016788; 786710 | 787152 | 787267 || 785015 | 16777216 | 786647 || 788999 | 785906 | 784564 || 785972 | 788376 | 787265 || 787776 | 785692 | 786173
Group2; 789.130026; 2026-07-06 12:26:26.454768; 786600 | 787176 | 787432 || 785191 | 16777216 | 786944 || 789112 | 786083 | 784706 || 785988 | 788510 | 787177 || 787607 | 785525 | 786150
Group2; 800.552971; 2026-07-06 12:26:37.877713; 786370 | 787227 | 787506 || 785316 | 16777216 | 787030 || 789233 | 786198 | 784891 || 786149 | 788633 | 787522 || 787895 | 785905 | 786335
Group2; 811.992127; 2026-07-06 12:26:49.316869; 786914 | 787439 | 787622 || 785402 | 16777216 | 787216 || 789381 | 786301 | 784885 || 786318 | 788872 | 787620 || 788150 | 786006 | 786490
Group2; 823.431629; 2026-07-06 12:27:00.756371; 786966 | 787699 | 787861 || 785606 | 16777216 | 787329 || 789570 | 786479 | 785106 || 786433 | 788924 | 787780 || 788211 | 786119 | 786637
Group2; 834.87115; 2026-07-06 12:27:12.195892; 787081 | 787791 | 788073 || 785685 | 16777216 | 787483 || 789652 | 786759 | 785438 || 786710 | 789253 | 787992 || 788375 | 786342 | 786904
Group2; 846.294733; 2026-07-06 12:27:23.619475; 787191 | 787929 | 788145 || 785927 | 16777216 | 787505 || 789654 | 786759 | 785447 || 786680 | 789368 | 788232 || 788554 | 786672 | 786972
Group2; 857.734701; 2026-07-06 12:27:35.059443; 787456 | 788059 | 788330 || 785976 | 16777216 | 788031 || 790116 | 787118 | 785691 || 786941 | 789334 | 788176 || 788579 | 786706 | 787154
Group2; 869.173953; 2026-07-06 12:27:46.498695; 787747 | 788656 | 788907 || 786309 | 16777216 | 788030 || 790082 | 787124 | 785802 || 787052 | 789485 | 788410 || 788808 | 786861 | 787294
Group2; 880.61361; 2026-07-06 12:27:57.938352; 788066 | 788807 | 789103 || 786566 | 16777216 | 788112 || 790292 | 787211 | 785784 || 787051 | 789580 | 788308 || 788844 | 786813 | 787365
Group2; 892.053167; 2026-07-06 12:28:09.377909; 787715 | 788355 | 788656 || 786454 | 16777216 | 788035 || 790169 | 787032 | 785765 || 787057 | 789453 | 788218 || 788788 | 786737 | 787279
Group2; 903.476893; 2026-07-06 12:28:20.801635; 787769 | 788468 | 788624 || 786158 | 16777216 | 787682 || 789926 | 786778 | 785406 || 786739 | 789342 | 788275 || 788745 | 786717 | 787159
Group2; 914.916794; 2026-07-06 12:28:32.241536; 787610 | 788205 | 788399 || 786041 | 16777216 | 787753 || 789964 | 786842 | 785536 || 786815 | 789313 | 788146 || 788776 | 786672 | 787088
Group2; 926.356079; 2026-07-06 12:28:43.680821; 787742 | 788348 | 788251 || 786022 | 16777216 | 787837 || 790042 | 787076 | 785802 || 787355 | 789953 | 788619 || 789059 | 787094 | 787359
Group2; 937.795684; 2026-07-06 12:28:55.120426; 787770 | 788294 | 788477 || 786574 | 16777216 | 788591 || 790750 | 787787 | 786355 || 787644 | 789959 | 788836 || 789232 | 787240 | 787562
Group2; 949.235397; 2026-07-06 12:29:06.560139; 788171 | 788748 | 788923 || 786817 | 16777216 | 788743 || 790812 | 787957 | 786598 || 787849 | 790152 | 788874 || 789315 | 787242 | 787804
Group2; 960.659081; 2026-07-06 12:29:17.983823; 788066 | 788859 | 789229 || 786923 | 16777216 | 788673 || 790850 | 787944 | 786509 || 787751 | 790202 | 788882 || 789298 | 787256 | 787932
Group2; 972.098632; 2026-07-06 12:29:29.423374; 788066 | 788750 | 788968 || 786730 | 16777216 | 788680 || 790937 | 787932 | 786322 || 787651 | 789860 | 788600 || 789152 | 787082 | 787780
Group2; 983.538182; 2026-07-06 12:29:40.862924; 787987 | 789024 | 789262 || 786983 | 16777216 | 788614 || 790648 | 787542 | 786124 || 787296 | 789721 | 788436 || 789027 | 786931 | 787576
Group2; 994.977892; 2026-07-06 12:29:52.302634; 787830 | 788755 | 789019 || 786589 | 16777216 | 788287 || 790358 | 787348 | 786073 || 787308 | 789867 | 788769 || 789195 | 787152 | 787661
Group2; 1006.417383; 2026-07-06 12:30:03.742125; 788173 | 788831 | 788962 || 786717 | 16777216 | 788241 || 790404 | 787433 | 786124 || 787278 | 790015 | 788885 || 789251 | 787186 | 787697
Group2; 1017.841217; 2026-07-06 12:30:15.165959; 788122 | 788792 | 789092 || 786771 | 16777216 | 788456 || 790616 | 787607 | 786414 || 787571 | 790227 | 789045 || 789426 | 787330 | 787818
Group2; 1029.280796; 2026-07-06 12:30:26.605538; 788333 | 789035 | 789318 || 786995 | 16777216 | 788551 || 790795 | 787763 | 786397 || 787702 | 790265 | 789044 || 789489 | 787461 | 787874
Group2; 1040.720484; 2026-07-06 12:30:38.045226; 788372 | 789083 | 789232 || 787024 | 16777216 | 788906 || 790970 | 788050 | 786700 || 787980 | 790127 | 788855 || 789515 | 787366 | 787948
Group2; 1052.160138; 2026-07-06 12:30:49.484880; 788439 | 789200 | 789456 || 787165 | 16777216 | 788865 || 791074 | 788054 | 786720 || 788066 | 790432 | 789123 || 789667 | 787614 | 788076
Group2; 1063.583829; 2026-07-06 12:31:00.908571; 788620 | 789380 | 789585 || 787246 | 16777216 | 789086 || 791274 | 788177 | 786795 || 788008 | 790496 | 789318 || 789797 | 787748 | 788256
Group2; 1075.023296; 2026-07-06 12:31:12.348038; 788717 | 789334 | 789576 || 787443 | 16777216 | 789176 || 791313 | 788217 | 786879 || 788122 | 790565 | 789557 || 789956 | 787905 | 788391
Group2; 1086.463012; 2026-07-06 12:31:23.787754; 789004 | 789647 | 789975 || 787618 | 16777216 | 789401 || 791547 | 788557 | 787041 || 788339 | 790762 | 789661 || 790124 | 788137 | 788553
Group2; 1097.902597; 2026-07-06 12:31:35.227339; 789167 | 789830 | 790115 || 787671 | 16777216 | 789319 || 791518 | 788476 | 787048 || 788417 | 790917 | 789707 || 790205 | 788161 | 788598
Group2; 1109.342197; 2026-07-06 12:31:46.666939; 789229 | 790008 | 790351 || 788159 | 16777216 | 789623 || 791885 | 788706 | 787303 || 788619 | 791064 | 790076 || 790473 | 788450 | 788904
Group2; 1120.765878; 2026-07-06 12:31:58.090620; 789609 | 790287 | 790478 || 788064 | 16777216 | 789720 || 791733 | 788810 | 787562 || 788766 | 791258 | 790067 || 790559 | 788523 | 789036
Group2; 1132.205435; 2026-07-06 12:32:09.530177; 789424 | 790053 | 790204 || 787794 | 16777216 | 789551 || 791818 | 788726 | 787278 || 788599 | 790984 | 789742 || 790316 | 788241 | 788820
Group2; 1143.64518; 2026-07-06 12:32:20.969922; 789144 | 789751 | 789937 || 787607 | 16777216 | 789307 || 791550 | 788460 | 787215 || 788531 | 791009 | 789735 || 790258 | 788030 | 788650
Group2; 1155.08483; 2026-07-06 12:32:32.409572; 788852 | 789524 | 789770 || 787439 | 16777216 | 789206 || 791395 | 788321 | 787021 || 788280 | 790768 | 789573 || 790122 | 787999 | 788535
Group2; 1166.524361; 2026-07-06 12:32:43.849103; 788992 | 789732 | 789836 || 787378 | 16777216 | 789217 || 791262 | 788388 | 787259 || 788479 | 791012 | 789954 || 790238 | 788194 | 788684
Group2; 1177.947964; 2026-07-06 12:32:55.272706; 789020 | 789619 | 789852 || 787718 | 16777216 | 789893 || 791860 | 788924 | 787595 || 788731 | 791325 | 789867 || 790342 | 788344 | 788832
Group2; 1189.387652; 2026-07-06 12:33:06.712394; 789192 | 789895 | 790106 || 787962 | 16777216 | 789738 || 791906 | 788952 | 787601 || 788955 | 791451 | 790237 || 790622 | 788560 | 788976
Group2; 1200.827619; 2026-07-06 12:33:18.152361; 789364 | 789979 | 790327 || 787997 | 16777216 | 790019 || 792076 | 788980 | 787590 || 788753 | 791281 | 790132 || 790571 | 788552 | 789107
Group2; 1212.266908; 2026-07-06 12:33:29.591650; 789476 | 790185 | 790406 || 787992 | 16777216 | 789804 || 791903 | 788909 | 787610 || 788794 | 791418 | 790131 || 790635 | 788576 | 789106
Group2; 1223.690534; 2026-07-06 12:33:41.015276; 789309 | 789865 | 790272 || 787670 | 16777216 | 789645 || 791674 | 788659 | 787242 || 788525 | 791057 | 789781 || 790389 | 788347 | 788826
Group2; 1235.130238; 2026-07-06 12:33:52.454980; 789037 | 789596 | 789889 || 787571 | 16777216 | 789625 || 791500 | 788455 | 787144 || 788327 | 790741 | 789575 || 790120 | 788017 | 788645
Group2; 1246.569984; 2026-07-06 12:34:03.894726; 788930 | 789648 | 789920 || 787461 | 16777216 | 789315 || 791358 | 788381 | 787147 || 788386 | 790959 | 789850 || 790224 | 788172 | 788644
Group2; 1258.009551; 2026-07-06 12:34:15.334293; 789031 | 789622 | 789901 || 787543 | 16777216 | 789400 || 791441 | 788467 | 787201 || 788457 | 791046 | 789837 || 790270 | 788331 | 788753
Group2; 1269.449079; 2026-07-06 12:34:26.773821; 789283 | 789963 | 790248 || 788040 | 16777216 | 790096 || 792214 | 789250 | 788001 || 789246 | 791821 | 790603 || 790893 | 788867 | 789278
Group2; 1280.87272; 2026-07-06 12:34:38.197462; 789946 | 790657 | 790896 || 788494 | 16777216 | 790447 || 792522 | 789668 | 788319 || 789639 | 792159 | 790803 || 791176 | 789165 | 789587
Group2; 1292.312482; 2026-07-06 12:34:49.637224; 790064 | 790863 | 791184 || 789012 | 16777216 | 790876 || 792823 | 789806 | 788330 || 789627 | 792069 | 790766 || 791287 | 789208 | 789735
Group2; 1303.752037; 2026-07-06 12:35:01.076779; 790205 | 790929 | 791193 || 789005 | 16777216 | 790891 || 792910 | 789874 | 788510 || 789606 | 792012 | 790765 || 791359 | 789238 | 789757
Group2; 1315.191804; 2026-07-06 12:35:12.516546; 790135 | 790785 | 790893 || 788689 | 16777216 | 790460 || 792621 | 789572 | 788160 || 789405 | 791840 | 790561 || 791129 | 789071 | 789603
Group2; 1326.631292; 2026-07-06 12:35:23.956034; 790034 | 790777 | 790775 || 788614 | 16777216 | 790260 || 792471 | 789332 | 788059 || 789274 | 791705 | 790539 || 790972 | 788789 | 789531
Group2; 1338.054834; 2026-07-06 12:35:35.379576; 789647 | 790353 | 790618 || 788447 | 16777216 | 790291 || 792342 | 789298 | 787884 || 789199 | 791702 | 790475 || 791041 | 788820 | 789431
Group2; 1349.495031; 2026-07-06 12:35:46.819773; 789717 | 790383 | 790700 || 788489 | 16777216 | 790322 || 792544 | 789407 | 787806 || 789106 | 791501 | 790205 || 790890 | 788788 | 789322
Group2; 1360.934103; 2026-07-06 12:35:58.258845; 789753 | 790579 | 790839 || 788456 | 16777216 | 790096 || 792233 | 789118 | 787849 || 789219 | 791536 | 790371 || 790912 | 788811 | 789357
Group2; 1372.373793; 2026-07-06 12:36:09.698535; 789967 | 790803 | 790963 || 788771 | 16777216 | 790418 || 792680 | 789439 | 788028 || 789409 | 791808 | 790628 || 791138 | 789098 | 789557
Group2; 1383.813373; 2026-07-06 12:36:21.138115; 790115 | 790815 | 791072 || 788931 | 16777216 | 790836 || 792833 | 789869 | 788403 || 789693 | 792163 | 790862 || 791356 | 789297 | 789774
Group2; 1395.237263; 2026-07-06 12:36:32.562005; 790334 | 791115 | 791384 || 789060 | 16777216 | 790695 || 792898 | 789859 | 788536 || 789816 | 792351 | 791182 || 791593 | 789571 | 789999
Group3; SecondsElapsed; DateTimePC; N86_NTC1 | N86_NTC2 | N86_TestSB || N87_NTC1 | N87_NTC2 | N87_TestSB || N98_NTC1 | N98_NTC2 | N98_TestSB
Group3; 1395.294294; 2026-07-06 12:36:32.619036; New Node Array: 86 87 98
Group3; 1395.294434; 2026-07-06 12:36:32.619176; 
Group3; 1402.141951; 2026-07-06 12:36:39.466693; N86_NTC1 | N86_NTC2 | N86_TestSB || N87_NTC1 | N87_NTC2 | N87_TestSB || N98_NTC1 | N98_NTC2 | N98_TestSB
Group3; 1409.005621; 2026-07-06 12:36:46.330363; 791749 | 791448 | 790293 || 791127 | 790614 | 790406 || 791437 | 792352 | 789901
Group3; 1415.853391; 2026-07-06 12:36:53.178133; 791710 | 791157 | 790261 || 791107 | 790755 | 790697 || 791447 | 792568 | 790168
Group3; 1422.717659; 2026-07-06 12:37:00.042401; 791949 | 791283 | 790212 || 790736 | 790460 | 790159 || 791224 | 792223 | 789920
Group3; 1429.581177; 2026-07-06 12:37:06.905919; 791704 | 791285 | 790197 || 790795 | 790337 | 790163 || 791084 | 792011 | 789590
Group3; 1436.444839; 2026-07-06 12:37:13.769581; 791423 | 790980 | 790013 || 790700 | 790315 | 790241 || 791084 | 792199 | 789831
Group3; 1443.308718; 2026-07-06 12:37:20.633460; 791369 | 791105 | 789980 || 790618 | 790223 | 790029 || 790910 | 791940 | 789615
Group3; 1450.17236; 2026-07-06 12:37:27.497102; 791409 | 791014 | 790027 || 790727 | 790283 | 789941 || 791073 | 791991 | 789576
Group3; 1457.036073; 2026-07-06 12:37:34.360815; 791362 | 790941 | 789855 || 790749 | 790450 | 790332 || 791218 | 792366 | 790073
Group3; 1463.899948; 2026-07-06 12:37:41.224690; 791726 | 791547 | 790392 || 791122 | 790503 | 790279 || 791192 | 792143 | 789964
Group3; 1470.747917; 2026-07-06 12:37:48.072659; 791736 | 791569 | 790553 || 791301 | 790799 | 790462 || 791462 | 792343 | 789980
Group3; 1477.611482; 2026-07-06 12:37:54.936224; 791816 | 791426 | 790311 || 791100 | 790712 | 790767 || 791509 | 792613 | 790507
Group3; 1484.475657; 2026-07-06 12:38:01.800399; 792001 | 791727 | 790670 || 791287 | 790765 | 790592 || 791514 | 792491 | 790268
Group3; 1491.339083; 2026-07-06 12:38:08.663825; 791945 | 791642 | 790811 || 791526 | 790914 | 790589 || 791596 | 792457 | 790050
Group3; 1498.202841; 2026-07-06 12:38:15.527583; 791852 | 791407 | 790407 || 791198 | 790840 | 790900 || 791650 | 792592 | 790278
Group3; 1505.066481; 2026-07-06 12:38:22.391223; 791866 | 791386 | 790453 || 791055 | 790682 | 790482 || 791375 | 792383 | 790040
Group3; 1511.930297; 2026-07-06 12:38:29.255039; 791786 | 791142 | 790199 || 790838 | 790328 | 790162 || 791075 | 792015 | 789816
Group3; 1518.794503; 2026-07-06 12:38:36.119245; 791566 | 791155 | 790272 || 791072 | 790518 | 790200 || 791086 | 792132 | 789843
Group3; 1525.641875; 2026-07-06 12:38:42.966617; 791507 | 791275 | 790280 || 790875 | 790429 | 790346 || 791246 | 792223 | 789893
Group3; 1532.505641; 2026-07-06 12:38:49.830383; 791560 | 791137 | 790230 || 791088 | 790655 | 790579 || 791362 | 792402 | 790116
Group3; 1539.369627; 2026-07-06 12:38:56.694369; 791789 | 791329 | 790381 || 791049 | 790733 | 790693 || 791541 | 792566 | 790240
Group3; 1546.233291; 2026-07-06 12:39:03.558033; 791941 | 791561 | 790484 || 791260 | 790788 | 790664 || 791539 | 792526 | 790177
Group3; 1553.097006; 2026-07-06 12:39:10.421748; 791926 | 791547 | 790525 || 791282 | 790896 | 790612 || 791640 | 792641 | 790216
Group3; 1559.960816; 2026-07-06 12:39:17.285558; 792026 | 791646 | 790494 || 791226 | 790816 | 790591 || 791553 | 792664 | 790415
Group3; 1566.824599; 2026-07-06 12:39:24.149341; 792059 | 791551 | 790406 || 791068 | 790664 | 790441 || 791389 | 792361 | 790155
Group3; 1573.688263; 2026-07-06 12:39:31.013005; 791857 | 791502 | 790532 || 791295 | 790888 | 790447 || 791446 | 792360 | 789985
Group3; 1580.536286; 2026-07-06 12:39:37.861028; 791816 | 791457 | 790438 || 791218 | 790766 | 790622 || 791520 | 792566 | 790320
Group3; 1587.399969; 2026-07-06 12:39:44.724711; 791960 | 791584 | 790539 || 791161 | 790756 | 790698 || 791538 | 792518 | 790164
Group3; 1594.263621; 2026-07-06 12:39:51.588363; 791882 | 791478 | 790477 || 791298 | 790968 | 790852 || 791832 | 792825 | 790534
Group3; 1601.127403; 2026-07-06 12:39:58.452145; 792194 | 791589 | 790574 || 791042 | 790667 | 790747 || 791612 | 792764 | 790534
Group3; 1607.991428; 2026-07-06 12:40:05.316170; 792078 | 791724 | 790702 || 791180 | 790808 | 790667 || 791602 | 792575 | 790102
Group3; 1614.854963; 2026-07-06 12:40:12.179705; 791944 | 791491 | 790507 || 791357 | 791094 | 790987 || 791794 | 792727 | 790232
Group3; 1621.718834; 2026-07-06 12:40:19.043576; 791968 | 791422 | 790401 || 791002 | 790757 | 790468 || 791540 | 792535 | 790062
Group3; 1628.582507; 2026-07-06 12:40:25.907249; 791811 | 791376 | 790271 || 790978 | 790576 | 790421 || 791387 | 792356 | 789926
Group3; 1635.43058; 2026-07-06 12:40:32.755322; 791705 | 791216 | 790216 || 791000 | 790536 | 790499 || 791350 | 792459 | 789999
Group3; 1642.294201; 2026-07-06 12:40:39.618943; 791752 | 791187 | 790293 || 790940 | 790769 | 790687 || 791606 | 792597 | 790206
Group3; 1649.157992; 2026-07-06 12:40:46.482734; 791756 | 791412 | 790391 || 791011 | 790554 | 790371 || 791353 | 792304 | 790078
Group3; 1656.021803; 2026-07-06 12:40:53.346545; 791784 | 791427 | 790341 || 791029 | 790587 | 790470 || 791398 | 792355 | 790108
Group3; 1662.885701; 2026-07-06 12:41:00.210443; 791782 | 791560 | 790551 || 791236 | 790843 | 790650 || 791506 | 792552 | 790222
Group3; 1669.749259; 2026-07-06 12:41:07.074001; 791882 | 791591 | 790645 || 791443 | 790900 | 790872 || 791768 | 792772 | 790387
Group3; 1676.613103; 2026-07-06 12:41:13.937845; 791997 | 791473 | 790580 || 791210 | 790853 | 790873 || 791695 | 792782 | 790500
Group3; 1683.476847; 2026-07-06 12:41:20.801589; 792114 | 791716 | 790748 || 791402 | 790952 | 790784 || 791758 | 792797 | 790335
Group3; 1690.324694; 2026-07-06 12:41:27.649436; 792133 | 791581 | 790569 || 791386 | 790981 | 790890 || 791698 | 792801 | 790393
Group3; 1697.188475; 2026-07-06 12:41:34.513217; 792107 | 791648 | 790660 || 791346 | 790949 | 790746 || 791713 | 792617 | 790371
Group3; 1704.052936; 2026-07-06 12:41:41.377678; 792034 | 791784 | 790723 || 791376 | 791048 | 790729 || 791710 | 792633 | 790326
Group3; 1710.916149; 2026-07-06 12:41:48.240891; 791998 | 791521 | 790499 || 791230 | 790805 | 790708 || 791619 | 792713 | 790354
Group3; 1717.779809; 2026-07-06 12:41:55.104551; 792027 | 791484 | 790518 || 791089 | 790744 | 790668 || 791545 | 792657 | 790450
Group3; 1724.643579; 2026-07-06 12:42:01.968321; 792070 | 791728 | 790570 || 791295 | 790753 | 790577 || 791583 | 792609 | 790249
Group3; 1731.507496; 2026-07-06 12:42:08.832238; 792005 | 791647 | 790650 || 791553 | 791087 | 790878 || 791767 | 792749 | 790384
Group3; 1738.371094; 2026-07-06 12:42:15.695836; 791991 | 791391 | 790523 || 791251 | 790758 | 790619 || 791553 | 792667 | 790526
Group3; 1745.218889; 2026-07-06 12:42:22.543631; 792093 | 791855 | 790806 || 791268 | 790858 | 790570 || 791553 | 792640 | 790328
Group3; 1752.082701; 2026-07-06 12:42:29.407443; 792043 | 791739 | 790608 || 791330 | 790982 | 790805 || 791753 | 792710 | 790504
Group3; 1758.946594; 2026-07-06 12:42:36.271336; 792036 | 791531 | 790545 || 791166 | 790830 | 790647 || 791593 | 792814 | 790482
Group3; 1765.810283; 2026-07-06 12:42:43.135025; 792153 | 791690 | 790693 || 791401 | 790878 | 790775 || 791598 | 792742 | 790474
Group3; 1772.674188; 2026-07-06 12:42:49.998930; 792140 | 791706 | 790654 || 791182 | 790711 | 790564 || 791491 | 792530 | 790374
Group3; 1779.537957; 2026-07-06 12:42:56.862699; 792035 | 791640 | 790455 || 791215 | 790827 | 790521 || 791534 | 792488 | 790157
Group3; 1786.401613; 2026-07-06 12:43:03.726355; 792056 | 791706 | 790711 || 791603 | 791068 | 790802 || 791616 | 792554 | 790427
Group3; 1793.265581; 2026-07-06 12:43:10.590323; 792085 | 791797 | 790790 || 791442 | 790955 | 790702 || 791619 | 792644 | 790288
Group3; 1800.113206; 2026-07-06 12:43:17.437948; 792029 | 791579 | 790697 || 791394 | 790912 | 790663 || 791626 | 792542 | 790173
Group3; 1806.977007; 2026-07-06 12:43:24.301749; 792080 | 791633 | 790665 || 791310 | 791015 | 791094 || 791818 | 792973 | 790577
Group3; 1813.840605; 2026-07-06 12:43:31.165347; 792123 | 791755 | 790656 || 791352 | 790903 | 790665 || 791687 | 792677 | 790402
Group1; SecondsElapsed; DateTimePC; N95_NTC1 | N95_NTC2 | N95_TestSB || N13_NTC1 | N13_NTC2 | N13_TestSB || N18_NTC1 | N18_NTC2 | N18_TestSB || N19_NTC1 | N19_NTC2 | N19_TestSB || N25_NTC1 | N25_NTC2 | N25_TestSB
Group1; 1813.916576; 2026-07-06 12:43:31.241318; New Node Array: 95 13 18 19 25
Group1; 1813.916714; 2026-07-06 12:43:31.241456; 
Group1; 1825.324318; 2026-07-06 12:43:42.649060; N95_NTC1 | N95_NTC2 | N95_TestSB || N13_NTC1 | N13_NTC2 | N13_TestSB || N18_NTC1 | N18_NTC2 | N18_TestSB || N19_NTC1 | N19_NTC2 | N19_TestSB || N25_NTC1 | N25_NTC2 | N25_TestSB
Group1; 1836.763889; 2026-07-06 12:43:54.088631; 790665 | 791877 | 792083 || 790885 | 790595 | 792605 || 792280 | 791300 | 791207 || 791775 | 790095 | 790288 || 790169 | 791503 | 792045
Group1; 1848.203618; 2026-07-06 12:44:05.528360; 790757 | 792026 | 791954 || 790588 | 790487 | 792560 || 792222 | 791267 | 791342 || 791834 | 790058 | 790183 || 790117 | 791265 | 791778
Group1; 1859.627258; 2026-07-06 12:44:16.952000; 790500 | 791914 | 792044 || 790829 | 790664 | 792907 || 792365 | 791381 | 791340 || 791853 | 790027 | 790122 || 790005 | 791140 | 791700
Group1; 1871.066844; 2026-07-06 12:44:28.391586; 790400 | 791758 | 791950 || 790567 | 790469 | 792350 || 792192 | 791287 | 791108 || 791616 | 789889 | 789919 || 789998 | 790953 | 791524
Group1; 1882.506425; 2026-07-06 12:44:39.831167; 790183 | 791473 | 791644 || 790496 | 790379 | 792423 || 792068 | 791120 | 790891 || 791586 | 789798 | 789944 || 789826 | 791000 | 791553
Group1; 1893.946207; 2026-07-06 12:44:51.270949; 790205 | 791508 | 791695 || 790530 | 790305 | 792394 || 791973 | 791080 | 790893 || 791564 | 789725 | 789748 || 789784 | 790937 | 791648
Group1; 1905.38611; 2026-07-06 12:45:02.710852; 790141 | 791609 | 791887 || 790602 | 790249 | 792330 || 791999 | 791025 | 790886 || 791474 | 789747 | 789899 || 789797 | 791069 | 791783
Group1; 1916.80936; 2026-07-06 12:45:14.134102; 790392 | 791727 | 792037 || 790618 | 790593 | 792650 || 792149 | 791207 | 791063 || 791658 | 789777 | 790050 || 789964 | 791290 | 791916
Group1; 1928.249018; 2026-07-06 12:45:25.573760; 790579 | 791894 | 792115 || 790730 | 790601 | 792513 || 792235 | 791207 | 791223 || 791751 | 790214 | 790360 || 790347 | 791501 | 791983
Group1; 1939.688706; 2026-07-06 12:45:37.013448; 790727 | 792010 | 792111 || 790829 | 790679 | 792668 || 792326 | 791345 | 791272 || 791844 | 790278 | 790414 || 790376 | 791493 | 792112
Group1; 1951.128528; 2026-07-06 12:45:48.453270; 790767 | 792137 | 792391 || 790922 | 790779 | 792915 || 792397 | 791522 | 791455 || 791957 | 790299 | 790361 || 790371 | 791474 | 791987
Group1; 1962.56834; 2026-07-06 12:45:59.893082; 790698 | 792027 | 792130 || 790895 | 790690 | 792626 || 792409 | 791529 | 791286 || 791982 | 790321 | 790524 || 790375 | 791503 | 792133
Group1; 1973.992595; 2026-07-06 12:46:11.317337; 790670 | 792043 | 792208 || 790943 | 790853 | 792990 || 792479 | 791566 | 791321 || 791949 | 790066 | 790278 || 790139 | 791374 | 791919
Group1; 1985.432242; 2026-07-06 12:46:22.756984; 790690 | 792103 | 792221 || 790954 | 790816 | 792816 || 792473 | 791487 | 791371 || 791952 | 790185 | 790353 || 790202 | 791480 | 792215
Group1; 1996.871472; 2026-07-06 12:46:34.196214; 790712 | 791948 | 792106 || 790832 | 790694 | 792755 || 792397 | 791484 | 791287 || 791925 | 790115 | 790372 || 790254 | 791556 | 792181
Group1; 2008.311367; 2026-07-06 12:46:45.636109; 790777 | 791993 | 792174 || 790889 | 790861 | 793004 || 792457 | 791507 | 791453 || 792005 | 790354 | 790537 || 790402 | 791547 | 792105
Group1; 2019.735055; 2026-07-06 12:46:57.059797; 790754 | 792009 | 792246 || 790877 | 790713 | 793042 || 792467 | 791559 | 791623 || 792107 | 790320 | 790564 || 790383 | 791699 | 792218
Group1; 2031.174726; 2026-07-06 12:47:08.499468; 790886 | 792100 | 792206 || 790998 | 790811 | 792855 || 792475 | 791662 | 791724 || 792201 | 790431 | 790471 || 790507 | 791699 | 792273
Group1; 2042.614462; 2026-07-06 12:47:19.939204; 790903 | 792310 | 792415 || 791172 | 791091 | 793072 || 792657 | 791747 | 791668 || 792271 | 790538 | 790709 || 790574 | 791772 | 792362
Group1; 2054.054045; 2026-07-06 12:47:31.378787; 791034 | 792250 | 792379 || 791136 | 790994 | 793119 || 792688 | 791748 | 791715 || 792214 | 790393 | 790609 || 790546 | 791818 | 792420
Group1; 2065.477273; 2026-07-06 12:47:42.802015; 791087 | 792418 | 792587 || 791404 | 791073 | 792992 || 792810 | 791748 | 791759 || 792301 | 790626 | 790857 || 790762 | 792002 | 792459
Group1; 2076.91725; 2026-07-06 12:47:54.241992; 791188 | 792589 | 792703 || 791545 | 791396 | 793322 || 792958 | 791973 | 791935 || 792513 | 790765 | 790932 || 790835 | 792145 | 792931
Group1; 2088.356965; 2026-07-06 12:48:05.681707; 791390 | 792704 | 792854 || 791492 | 791355 | 793369 || 793033 | 792084 | 792105 || 792697 | 791018 | 791087 || 791045 | 792103 | 792614
Group1; 2099.796582; 2026-07-06 12:48:17.121324; 791319 | 792711 | 792896 || 791671 | 791357 | 793227 || 793076 | 792090 | 791877 || 792629 | 790933 | 790947 || 790906 | 791984 | 792470
Group1; 2111.235754; 2026-07-06 12:48:28.560496; 791046 | 792347 | 792541 || 791351 | 791198 | 793335 || 792991 | 792019 | 791784 || 792335 | 790440 | 790529 || 790515 | 791773 | 792476
Group1; 2122.65985; 2026-07-06 12:48:39.984592; 791202 | 792548 | 792668 || 791444 | 791052 | 792904 || 792850 | 791930 | 791738 || 792216 | 790452 | 790631 || 790575 | 791894 | 792467
Group1; 2134.099243; 2026-07-06 12:48:51.423985; 791219 | 792620 | 792866 || 791453 | 791306 | 793035 || 792891 | 791839 | 791566 || 792270 | 790316 | 790659 || 790481 | 791922 | 792542
Group1; 2145.538804; 2026-07-06 12:49:02.863546; 791121 | 792366 | 792499 || 791149 | 790991 | 793006 || 792746 | 791842 | 791712 || 792256 | 790532 | 790882 || 790667 | 792016 | 792616
Group1; 2156.978542; 2026-07-06 12:49:14.303284; 791222 | 792666 | 792804 || 791618 | 791379 | 793325 || 792979 | 792023 | 791918 || 792575 | 790721 | 790778 || 790771 | 792060 | 792885
Group1; 2168.402498; 2026-07-06 12:49:25.727240; 791441 | 792806 | 792874 || 791665 | 791339 | 793413 || 793124 | 792110 | 792034 || 792566 | 790844 | 790948 || 790979 | 792203 | 792813
Group1; 2179.841991; 2026-07-06 12:49:37.166733; 791509 | 792968 | 793109 || 791866 | 791453 | 793379 || 793199 | 792149 | 791940 || 792598 | 790890 | 791130 || 791048 | 792225 | 792816
Group1; 2191.281872; 2026-07-06 12:49:48.606614; 791472 | 792758 | 792993 || 791638 | 791578 | 793384 || 793159 | 792249 | 791979 || 792593 | 790894 | 791123 || 790994 | 792236 | 792705
Group1; 2202.707215; 2026-07-06 12:50:00.031957; 791419 | 792816 | 792983 || 791724 | 791610 | 793510 || 793215 | 792264 | 792119 || 792649 | 790445 | 790478 || 790465 | 791681 | 792491
Group1; 2214.134843; 2026-07-06 12:50:11.459585; 791036 | 792593 | 792724 || 791250 | 791051 | 792951 || 792846 | 791970 | 791639 || 792289 | 790423 | 790590 || 790487 | 791691 | 792218
Group1; 2225.55187; 2026-07-06 12:50:22.876612; 790960 | 792368 | 792467 || 791246 | 791129 | 793211 || 792755 | 791868 | 791892 || 792329 | 790514 | 790553 || 790535 | 791707 | 792336
Group1; 2236.988753; 2026-07-06 12:50:34.313495; 791021 | 792398 | 792582 || 791339 | 791218 | 793095 || 792803 | 791889 | 791803 || 792307 | 790702 | 790837 || 790785 | 792074 | 792800
Group1; 2248.426205; 2026-07-06 12:50:45.750947; 791455 | 792679 | 792906 || 791638 | 791460 | 793460 || 793047 | 792055 | 792134 || 792634 | 791013 | 791247 || 791113 | 792502 | 793075
Group1; 2259.866169; 2026-07-06 12:50:57.190911; 791822 | 793036 | 793045 || 791796 | 791601 | 793618 || 793244 | 792356 | 792450 || 792970 | 791234 | 791393 || 791231 | 792416 | 793195
Group1; 2271.289513; 2026-07-06 12:51:08.614255; 791756 | 793050 | 793355 || 792033 | 791811 | 793851 || 793422 | 792462 | 792391 || 792958 | 791195 | 791300 || 791292 | 792471 | 792860
Group1; 2282.728818; 2026-07-06 12:51:20.053560; 791665 | 792786 | 792813 || 791642 | 791503 | 793439 || 793296 | 792363 | 792164 || 792787 | 790966 | 790881 || 790923 | 791991 | 792655
Group1; 2294.168245; 2026-07-06 12:51:31.492987; 791373 | 792775 | 792695 || 791604 | 791218 | 793308 || 793114 | 792074 | 791861 || 792468 | 790550 | 790650 || 790636 | 791937 | 792483
Group1; 2305.60781; 2026-07-06 12:51:42.932552; 791232 | 792342 | 792387 || 791272 | 791049 | 793300 || 792874 | 791985 | 791886 || 792458 | 790628 | 790683 || 790684 | 791805 | 792437
Group1; 2317.047321; 2026-07-06 12:51:54.372063; 791052 | 792441 | 792769 || 791423 | 791277 | 793383 || 792924 | 792012 | 791998 || 792530 | 790873 | 791113 || 790944 | 792095 | 792754
Group1; 2328.470701; 2026-07-06 12:52:05.795443; 791360 | 792737 | 792885 || 791647 | 791468 | 793619 || 793095 | 792195 | 792284 || 792809 | 791113 | 791238 || 791200 | 792435 | 793040
Group1; 2339.911122; 2026-07-06 12:52:17.235864; 791705 | 793051 | 793224 || 791955 | 791822 | 793865 || 793366 | 792446 | 792551 || 793079 | 791409 | 791528 || 791440 | 792623 | 793060
Group1; 2351.350612; 2026-07-06 12:52:28.675354; 791805 | 793022 | 793084 || 792023 | 791783 | 793716 || 793551 | 792507 | 792292 || 792929 | 791128 | 791491 || 791279 | 792627 | 793273
Group1; 2362.790414; 2026-07-06 12:52:40.115156; 791831 | 793039 | 793084 || 791810 | 791494 | 793520 || 793324 | 792410 | 792260 || 792781 | 791131 | 791093 || 791236 | 792105 | 792514
Group1; 2374.229893; 2026-07-06 12:52:51.554635; 791236 | 792462 | 792526 || 791506 | 791263 | 793203 || 793100 | 792235 | 791938 || 792359 | 790790 | 791009 || 790908 | 792052 | 792494
Group1; 2385.653613; 2026-07-06 12:53:02.978355; 791206 | 792386 | 792543 || 791405 | 791253 | 793169 || 792998 | 792076 | 791742 || 792338 | 790490 | 790735 || 790596 | 791901 | 792520
Group1; 2397.093408; 2026-07-06 12:53:14.418150; 791195 | 792629 | 792752 || 791414 | 791101 | 793067 || 792897 | 791956 | 791917 || 792544 | 791072 | 791180 || 791147 | 792306 | 792774
Group1; 2408.533016; 2026-07-06 12:53:25.857758; 791497 | 792662 | 792800 || 791656 | 791578 | 793666 || 793211 | 792297 | 792263 || 792826 | 791145 | 791249 || 791233 | 792459 | 793107
Group1; 2419.972279; 2026-07-06 12:53:37.297021; 791898 | 793311 | 793436 || 792198 | 792121 | 794068 || 793602 | 792668 | 792474 || 793181 | 791275 | 791427 || 791363 | 792578 | 793219
Group1; 2431.411477; 2026-07-06 12:53:48.736219; 791856 | 793141 | 793314 || 792271 | 792061 | 793980 || 793636 | 792673 | 792564 || 793134 | 791308 | 791393 || 791322 | 792482 | 793099
Group1; 2442.834926; 2026-07-06 12:54:00.159668; 791866 | 793207 | 793202 || 792114 | 791894 | 793958 || 793582 | 792650 | 792403 || 793057 | 791026 | 790941 || 790999 | 792148 | 792771
Group1; 2454.275267; 2026-07-06 12:54:11.600009; 791421 | 792774 | 792989 || 791748 | 791496 | 793339 || 793297 | 792359 | 791950 || 792480 | 790620 | 790793 || 790771 | 792039 | 792576
Group1; 2465.715158; 2026-07-06 12:54:23.039900; 791076 | 792194 | 792494 || 791152 | 790983 | 793284 || 792856 | 791910 | 791760 || 792234 | 790277 | 790415 || 790338 | 791660 | 792455
Group1; 2477.154825; 2026-07-06 12:54:34.479567; 791138 | 792709 | 792844 || 791578 | 791272 | 792977 || 792997 | 791886 | 791574 || 792325 | 790560 | 790628 || 790714 | 792118 | 792672
Group1; 2488.578152; 2026-07-06 12:54:45.902894; 791329 | 792687 | 792761 || 791472 | 791225 | 793321 || 792953 | 791990 | 791973 || 792553 | 790935 | 791088 || 791041 | 792224 | 792853
Group1; 2500.018249; 2026-07-06 12:54:57.342991; 791451 | 792895 | 793095 || 791900 | 791756 | 793889 || 793280 | 792257 | 792348 || 792801 | 791106 | 791183 || 791238 | 792424 | 792971
Group1; 2511.457285; 2026-07-06 12:55:08.782027; 791688 | 793052 | 793369 || 792071 | 791885 | 793852 || 793462 | 792485 | 792358 || 793037 | 791222 | 791269 || 791211 | 792392 | 792942
Group2; SecondsElapsed; DateTimePC; N26_NTC1 | N26_NTC2 | N26_TestSB || N28_NTC1 | N28_NTC2 | N28_TestSB || N35_NTC1 | N35_NTC2 | N35_TestSB || N62_NTC1 | N62_NTC2 | N62_TestSB || N85_NTC1 | N85_NTC2 | N85_TestSB
Group2; 2511.534161; 2026-07-06 12:55:08.858903; New Node Array: 26 28 35 62 85
Group2; 2511.53446; 2026-07-06 12:55:08.859202; 
Group2; 2522.942474; 2026-07-06 12:55:20.267216; N26_NTC1 | N26_NTC2 | N26_TestSB || N28_NTC1 | N28_NTC2 | N28_TestSB || N35_NTC1 | N35_NTC2 | N35_TestSB || N62_NTC1 | N62_NTC2 | N62_TestSB || N85_NTC1 | N85_NTC2 | N85_TestSB
Group2; 2534.381781; 2026-07-06 12:55:31.706523; 792010 | 792735 | 792912 || 790623 | 16777216 | 792402 || 794445 | 791336 | 789902 || 791057 | 793577 | 792256 || 792857 | 790746 | 791406
Group2; 2545.821586; 2026-07-06 12:55:43.146328; 791609 | 792386 | 792671 || 790124 | 16777216 | 792012 || 793965 | 791004 | 789702 || 790836 | 793420 | 792306 || 792785 | 790791 | 791239
Group2; 2557.245139; 2026-07-06 12:55:54.569881; 791633 | 791979 | 792202 || 789973 | 16777216 | 791910 || 793989 | 790970 | 789567 || 790821 | 793311 | 792203 || 792673 | 790595 | 791103
Group2; 2568.684904; 2026-07-06 12:56:06.009646; 791631 | 792190 | 792504 || 790120 | 16777216 | 792301 || 794183 | 791411 | 790105 || 791219 | 793613 | 792273 || 792866 | 790758 | 791298
Group2; 2580.12476; 2026-07-06 12:56:17.449502; 791747 | 792668 | 793004 || 790665 | 16777216 | 792604 || 794585 | 791691 | 790435 || 791592 | 794086 | 792869 || 793224 | 791247 | 791707
Group2; 2591.563378; 2026-07-06 12:56:28.888120; 792256 | 792877 | 793071 || 790758 | 16777216 | 792595 || 794620 | 791590 | 790336 || 791487 | 794037 | 792937 || 793328 | 791299 | 791839
Group2; 2603.003448; 2026-07-06 12:56:40.328190; 792175 | 792761 | 793119 || 790792 | 16777216 | 792520 || 794802 | 791703 | 790209 || 791507 | 793998 | 792779 || 793329 | 791286 | 791761
Group2; 2614.427333; 2026-07-06 12:56:51.752075; 792148 | 792635 | 792893 || 790592 | 16777216 | 792604 || 794696 | 791775 | 790450 || 791595 | 794041 | 792756 || 793287 | 791185 | 791732
Group2; 2625.866312; 2026-07-06 12:57:03.191054; 792044 | 792771 | 792892 || 790395 | 16777216 | 792196 || 794316 | 791338 | 790155 || 791460 | 793971 | 792612 || 793140 | 791069 | 791585
Group2; 2637.306857; 2026-07-06 12:57:14.631599; 791720 | 792281 | 792488 || 790214 | 16777216 | 792251 || 794352 | 791385 | 789843 || 790980 | 793309 | 791985 || 792745 | 790616 | 791217
Group2; 2648.746654; 2026-07-06 12:57:26.071396; 791361 | 792096 | 792296 || 790203 | 16777216 | 792143 || 794252 | 791192 | 789568 || 790983 | 793193 | 791929 || 792646 | 790515 | 791012
Group2; 2660.185214; 2026-07-06 12:57:37.509956; 791393 | 792250 | 792500 || 790186 | 16777216 | 792035 || 794094 | 791040 | 789661 || 790997 | 793578 | 792281 || 792797 | 790741 | 791156
Group2; 2671.60892; 2026-07-06 12:57:48.933662; 791765 | 792595 | 793005 || 790735 | 16777216 | 792232 || 794294 | 791229 | 789863 || 791359 | 793801 | 792612 || 793161 | 791099 | 791438
Group2; 2683.049485; 2026-07-06 12:58:00.374227; 792034 | 792690 | 792929 || 790721 | 16777216 | 792482 || 794733 | 791586 | 790081 || 791307 | 793833 | 792706 || 793051 | 791077 | 791600
Group2; 2694.489176; 2026-07-06 12:58:11.813918; 792079 | 792916 | 793060 || 790897 | 16777216 | 792502 || 794563 | 791421 | 790104 || 791196 | 793834 | 792595 || 793072 | 790985 | 791604
Group2; 2705.928696; 2026-07-06 12:58:23.253438; 791908 | 792694 | 792925 || 790498 | 16777216 | 792094 || 794237 | 791223 | 789730 || 791022 | 793538 | 792408 || 792908 | 790859 | 791414
Group2; 2717.368321; 2026-07-06 12:58:34.693063; 791890 | 792539 | 792671 || 790217 | 16777216 | 791948 || 793962 | 791027 | 789749 || 790986 | 793492 | 792186 || 792797 | 790662 | 791225
Group2; 2728.791667; 2026-07-06 12:58:46.116409; 791415 | 792058 | 792291 || 789950 | 16777216 | 791851 || 793944 | 790964 | 789670 || 790873 | 793315 | 791992 || 792617 | 790510 | 791039
Group2; 2740.231342; 2026-07-06 12:58:57.556084; 791578 | 792309 | 792514 || 790060 | 16777216 | 791915 || 793946 | 791027 | 789841 || 790983 | 793580 | 792131 || 792718 | 790543 | 791107
Group2; 2751.671433; 2026-07-06 12:59:08.996175; 791504 | 792199 | 792524 || 790355 | 16777216 | 792273 || 794366 | 791346 | 789956 || 791216 | 793590 | 792350 || 792801 | 790826 | 791318
Group2; 2763.111071; 2026-07-06 12:59:20.435813; 791891 | 792725 | 793021 || 790855 | 16777216 | 792451 || 794468 | 791472 | 790163 || 791394 | 794011 | 792746 || 793163 | 791115 | 791631
Group2; 2774.550643; 2026-07-06 12:59:31.875385; 792105 | 792847 | 793114 || 790882 | 16777216 | 792665 || 794796 | 791814 | 790434 || 791681 | 794260 | 792967 || 793437 | 791382 | 791849
Group2; 2785.97436; 2026-07-06 12:59:43.299102; 792321 | 792945 | 793157 || 790764 | 16777216 | 792726 || 794802 | 791766 | 790449 || 791797 | 794241 | 793012 || 793427 | 791304 | 791850
Group2; 2797.414038; 2026-07-06 12:59:54.738780; 792030 | 792621 | 792799 || 790509 | 16777216 | 792422 || 794472 | 791459 | 790143 || 791413 | 793840 | 792656 || 793127 | 791042 | 791618
Group2; 2808.853238; 2026-07-06 13:00:06.177980; 791730 | 792124 | 792417 || 790163 | 16777216 | 792211 || 794244 | 791208 | 789644 || 791022 | 793107 | 791796 || 792667 | 790506 | 791157
Group2; 2820.293379; 2026-07-06 13:00:17.618121; 791401 | 792107 | 792323 || 789948 | 16777216 | 791738 || 793791 | 790931 | 789481 || 790700 | 793169 | 791970 || 792489 | 790414 | 790944
Group2; 2831.73246; 2026-07-06 13:00:29.057202; 791356 | 792091 | 792394 || 790013 | 16777216 | 792031 || 793950 | 791198 | 789851 || 790959 | 793474 | 792125 || 792641 | 790593 | 791080
Group2; 2843.156479; 2026-07-06 13:00:40.481221; 791449 | 792123 | 792479 || 790155 | 16777216 | 792110 || 794221 | 791240 | 789817 || 791018 | 793573 | 792300 || 792754 | 790714 | 791197
Group2; 2854.596106; 2026-07-06 13:00:51.920848; 791805 | 792707 | 793103 || 790791 | 16777216 | 792688 || 794869 | 791810 | 790313 || 791576 | 793928 | 792606 || 793125 | 791077 | 791576
Group2; 2866.035948; 2026-07-06 13:01:03.360690; 792454 | 793419 | 793508 || 791261 | 16777216 | 792641 || 794844 | 791681 | 790443 || 791698 | 794153 | 792824 || 793421 | 791330 | 791785
Group2; 2877.47516; 2026-07-06 13:01:14.799902; 792303 | 792956 | 793277 || 790946 | 16777216 | 792464 || 794664 | 791403 | 790011 || 791314 | 793906 | 792778 || 793271 | 791210 | 791681
Group2; 2888.915148; 2026-07-06 13:01:26.239890; 792195 | 792731 | 792876 || 790525 | 16777216 | 792112 || 794351 | 791277 | 789846 || 791171 | 793573 | 792341 || 792968 | 790809 | 791359
Group2; 2900.338921; 2026-07-06 13:01:37.663663; 791778 | 792382 | 792491 || 790155 | 16777216 | 792044 || 794153 | 790994 | 789639 || 790957 | 793318 | 792028 || 792648 | 790429 | 791081
Group2; 2911.777631; 2026-07-06 13:01:49.102373; 791275 | 791979 | 792275 || 790052 | 16777216 | 791937 || 794114 | 790964 | 789379 || 790676 | 793184 | 791983 || 792512 | 790413 | 790934
Group2; 2923.217515; 2026-07-06 13:02:00.542257; 791242 | 791846 | 792248 || 790004 | 16777216 | 792035 || 794028 | 791003 | 789667 || 790827 | 793273 | 792010 || 792519 | 790553 | 791031
Group2; 2934.657822; 2026-07-06 13:02:11.982564; 791750 | 792513 | 792696 || 790305 | 16777216 | 792144 || 794213 | 791235 | 789700 || 791100 | 793761 | 792541 || 792952 | 790936 | 791269
Group2; 2946.081526; 2026-07-06 13:02:23.406268; 792050 | 792667 | 792881 || 790437 | 16777216 | 792283 || 794353 | 791322 | 790093 || 791229 | 793872 | 792722 || 793170 | 791165 | 791516
Group2; 2957.520726; 2026-07-06 13:02:34.845468; 792299 | 792988 | 793222 || 790836 | 16777216 | 792365 || 794536 | 791418 | 790114 || 791390 | 793937 | 792773 || 793237 | 791118 | 791637
Group2; 2968.960768; 2026-07-06 13:02:46.285510; 791955 | 792598 | 792872 || 790492 | 16777216 | 792509 || 794690 | 791737 | 790333 || 791533 | 793727 | 792401 || 793066 | 790951 | 791593
Group2; 2980.40042; 2026-07-06 13:02:57.725162; 791698 | 792430 | 792705 || 790402 | 16777216 | 792086 || 794163 | 791089 | 789770 || 790994 | 793603 | 792450 || 792896 | 790880 | 791347
Group2; 2991.839615; 2026-07-06 13:03:09.164357; 791830 | 792426 | 792641 || 790221 | 16777216 | 792080 || 794213 | 791068 | 789550 || 790847 | 793355 | 792218 || 792766 | 790785 | 791200
Group2; 3003.263749; 2026-07-06 13:03:20.588491; 791630 | 792300 | 792521 || 790148 | 16777216 | 792303 || 794222 | 791309 | 789877 || 791102 | 793522 | 792333 || 792784 | 790681 | 791257
Group2; 3014.70303; 2026-07-06 13:03:32.027772; 791671 | 792513 | 792880 || 790598 | 16777216 | 792065 || 794357 | 791279 | 789850 || 791280 | 793890 | 792714 || 793092 | 791073 | 791436
Group2; 3026.142707; 2026-07-06 13:03:43.467449; 791934 | 792451 | 792576 || 790368 | 16777216 | 792425 || 794516 | 791533 | 790077 || 791309 | 793824 | 792655 || 793179 | 791187 | 791530
Group2; 3037.582657; 2026-07-06 13:03:54.907399; 792209 | 792824 | 792884 || 790472 | 16777216 | 792196 || 794272 | 791355 | 790148 || 791429 | 794114 | 792698 || 793229 | 791085 | 791651
Group2; 3049.022245; 2026-07-06 13:04:06.346987; 792018 | 792588 | 792780 || 790525 | 16777216 | 792464 || 794632 | 791640 | 790278 || 791483 | 793828 | 792544 || 793015 | 790967 | 791606
Group2; 3060.446201; 2026-07-06 13:04:17.770943; 791849 | 792568 | 792824 || 790413 | 16777216 | 792392 || 794396 | 791330 | 790054 || 791175 | 793617 | 792277 || 792876 | 790790 | 791445
Group2; 3071.885761; 2026-07-06 13:04:29.210503; 791758 | 792518 | 792860 || 790563 | 16777216 | 792015 || 794239 | 791051 | 789546 || 791006 | 793397 | 792274 || 792911 | 790768 | 791256
Group2; 3083.324944; 2026-07-06 13:04:40.649686; 791714 | 792330 | 792445 || 790083 | 16777216 | 791956 || 794050 | 791015 | 789685 || 790962 | 793501 | 792202 || 792740 | 790712 | 791195
Group2; 3094.764724; 2026-07-06 13:04:52.089466; 791649 | 792382 | 792644 || 790334 | 16777216 | 792158 || 794164 | 791120 | 789721 || 790969 | 793414 | 792197 || 792712 | 790649 | 791188
Group2; 3106.188634; 2026-07-06 13:05:03.513376; 791578 | 792416 | 792814 || 790533 | 16777216 | 792495 || 794475 | 791494 | 790002 || 791122 | 793750 | 792478 || 793010 | 791057 | 791448
Group2; 3117.628399; 2026-07-06 13:05:14.953141; 792102 | 792741 | 793115 || 790865 | 16777216 | 792681 || 794732 | 791646 | 790325 || 791516 | 794028 | 792687 || 793145 | 791185 | 791695
Group2; 3129.067951; 2026-07-06 13:05:26.392693; 792362 | 793142 | 793479 || 791194 | 16777216 | 793050 || 795071 | 792020 | 790548 || 791786 | 794143 | 792894 || 793407 | 791395 | 791957
Group2; 3140.507586; 2026-07-06 13:05:37.832328; 792361 | 793054 | 793205 || 790767 | 16777216 | 792674 || 794694 | 791684 | 790313 || 791485 | 794010 | 792782 || 793228 | 791145 | 791794
Group2; 3151.947123; 2026-07-06 13:05:49.271865; 792176 | 792965 | 793336 || 791009 | 16777216 | 792645 || 794717 | 791511 | 790017 || 791324 | 793701 | 792578 || 793130 | 791135 | 791623
Group2; 3163.370828; 2026-07-06 13:06:00.695570; 792139 | 792852 | 793057 || 790580 | 16777216 | 792353 || 794422 | 791492 | 790072 || 791262 | 793766 | 792511 || 793094 | 791037 | 791615
Group2; 3174.810455; 2026-07-06 13:06:12.135197; 791944 | 792590 | 792888 || 790511 | 16777216 | 792233 || 794255 | 791140 | 789742 || 791052 | 793607 | 792510 || 793054 | 790957 | 791381
Group2; 3186.249566; 2026-07-06 13:06:23.574308; 792018 | 792644 | 792763 || 790220 | 16777216 | 791885 || 794068 | 790980 | 789869 || 791145 | 793711 | 792525 || 793038 | 790814 | 791397
Group2; 3197.689823; 2026-07-06 13:06:35.014565; 791660 | 792321 | 792626 || 790221 | 16777216 | 792131 || 794038 | 791054 | 789777 || 791119 | 793894 | 792651 || 792995 | 790900 | 791451
Group2; 3209.129369; 2026-07-06 13:06:46.454111; 791930 | 792598 | 792789 || 790431 | 16777216 | 792293 || 794389 | 791381 | 789980 || 791333 | 793920 | 792799 || 793201 | 791252 | 791598
Group3; SecondsElapsed; DateTimePC; N86_NTC1 | N86_NTC2 | N86_TestSB || N87_NTC1 | N87_NTC2 | N87_TestSB || N98_NTC1 | N98_NTC2 | N98_TestSB
Group3; 3209.187469; 2026-07-06 13:06:46.512211; New Node Array: 86 87 98
Group3; 3209.187804; 2026-07-06 13:06:46.512546; 
Group3; 3216.035423; 2026-07-06 13:06:53.360165; N86_NTC1 | N86_NTC2 | N86_TestSB || N87_NTC1 | N87_NTC2 | N87_TestSB || N98_NTC1 | N98_NTC2 | N98_TestSB
Group3; 3222.898835; 2026-07-06 13:07:00.223577; 793666 | 793464 | 792366 || 793065 | 792535 | 792318 || 793225 | 794135 | 791893
Group3; 3229.746962; 2026-07-06 13:07:07.071704; 793503 | 793048 | 792086 || 792725 | 792373 | 792331 || 793220 | 794399 | 792093
Group3; 3236.610872; 2026-07-06 13:07:13.935614; 793661 | 793225 | 792015 || 792523 | 792223 | 792215 || 792956 | 794296 | 791967
Group3; 3243.474577; 2026-07-06 13:07:20.799319; 793619 | 793183 | 792073 || 792682 | 792248 | 791875 || 792921 | 793919 | 791500
Group3; 3250.337863; 2026-07-06 13:07:27.662605; 793310 | 792928 | 791993 || 792762 | 792093 | 791837 || 792813 | 793741 | 791602
Group3; 3257.202055; 2026-07-06 13:07:34.526797; 793302 | 792944 | 791972 || 792915 | 792348 | 792017 || 793037 | 793901 | 791567
Group3; 3264.065767; 2026-07-06 13:07:41.390509; 793389 | 792896 | 791798 || 792621 | 792158 | 792007 || 792874 | 793905 | 791590
Group3; 3270.929237; 2026-07-06 13:07:48.253979; 793175 | 792634 | 791797 || 792304 | 791919 | 791847 || 792737 | 793757 | 791501
Group3; 3277.793011; 2026-07-06 13:07:55.117753; 793190 | 792762 | 791637 || 792294 | 791895 | 791645 || 792779 | 793937 | 791545
Group3; 3284.640788; 2026-07-06 13:08:01.965530; 793240 | 792948 | 791691 || 792455 | 792034 | 791780 || 792812 | 793725 | 791342
Group3; 3291.50424; 2026-07-06 13:08:08.828982; 793194 | 792784 | 791791 || 792609 | 791988 | 791789 || 792871 | 793862 | 791527
Group3; 3298.368865; 2026-07-06 13:08:15.693607; 793299 | 792706 | 791641 || 792463 | 792081 | 792069 || 792943 | 793909 | 791485
Group3; 3305.232579; 2026-07-06 13:08:22.557321; 793269 | 792841 | 791744 || 792676 | 792188 | 792121 || 793043 | 794041 | 791737
Group3; 3312.096598; 2026-07-06 13:08:29.421340; 793468 | 793083 | 791994 || 792735 | 792225 | 791908 || 792934 | 793813 | 791731
Group3; 3318.959821; 2026-07-06 13:08:36.284563; 793227 | 792870 | 791859 || 792501 | 792040 | 792084 || 792996 | 794075 | 791720
Group3; 3325.824079; 2026-07-06 13:08:43.148821; 793437 | 792829 | 791953 || 792729 | 792298 | 792175 || 793060 | 794066 | 791672
Group3; 3332.687715; 2026-07-06 13:08:50.012457; 793405 | 792998 | 791917 || 792613 | 792322 | 792185 || 793098 | 794106 | 791580
Group3; 3339.551039; 2026-07-06 13:08:56.875781; 793249 | 792721 | 791839 || 792696 | 792079 | 792323 || 792988 | 794100 | 791865
Group3; 3346.399343; 2026-07-06 13:09:03.724085; 793344 | 792570 | 791749 || 792402 | 791910 | 791755 || 792673 | 793780 | 791700
Group3; 3353.262895; 2026-07-06 13:09:10.587637; 793352 | 792982 | 791934 || 792471 | 791959 | 791702 || 792672 | 793596 | 791331
Group3; 3360.126426; 2026-07-06 13:09:17.451168; 793117 | 792732 | 791736 || 792688 | 792296 | 792071 || 792958 | 793960 | 791562
Group3; 3366.990702; 2026-07-06 13:09:24.315444; 792979 | 792605 | 791634 || 792391 | 791911 | 791658 || 792697 | 793607 | 791350
Group3; 3373.854593; 2026-07-06 13:09:31.179335; 793304 | 792832 | 791823 || 792398 | 791921 | 791780 || 792542 | 793499 | 791204
Group3; 3380.718369; 2026-07-06 13:09:38.043111; 792959 | 792696 | 791721 || 792676 | 792251 | 791992 || 792943 | 793878 | 791551
Group3; 3387.581637; 2026-07-06 13:09:44.906379; 793273 | 792810 | 791719 || 792492 | 792011 | 791894 || 792798 | 793853 | 791736
Group3; 3394.429951; 2026-07-06 13:09:51.754693; 793294 | 792975 | 792029 || 792759 | 792240 | 792016 || 792970 | 793978 | 791628
Group3; 3401.292796; 2026-07-06 13:09:58.617538; 793357 | 793000 | 791897 || 792719 | 792364 | 792188 || 793130 | 794167 | 791839
Group3; 3408.157505; 2026-07-06 13:10:05.482247; 793519 | 792920 | 791922 || 792547 | 792135 | 792038 || 792989 | 794041 | 791809
Group3; 3415.021139; 2026-07-06 13:10:12.345881; 793572 | 793306 | 792204 || 792868 | 792432 | 792153 || 793116 | 793996 | 791737
Group3; 3421.884434; 2026-07-06 13:10:19.209176; 793366 | 793002 | 792034 || 792787 | 792429 | 792133 || 793126 | 793981 | 791372
Group3; 3428.748596; 2026-07-06 13:10:26.073338; 793298 | 792564 | 791770 || 792488 | 792194 | 792053 || 792920 | 793911 | 791514
Group3; 3435.612921; 2026-07-06 13:10:32.937663; 793252 | 792843 | 791784 || 792640 | 792122 | 791852 || 792944 | 793911 | 791593
Group3; 3442.476344; 2026-07-06 13:10:39.801086; 793258 | 792920 | 791878 || 792625 | 792100 | 791877 || 792737 | 793664 | 791345
Group3; 3449.324105; 2026-07-06 13:10:46.648847; 793024 | 792672 | 791662 || 792472 | 792013 | 791914 || 792853 | 794049 | 791863
Group3; 3456.187649; 2026-07-06 13:10:53.512391; 793366 | 793047 | 791889 || 792338 | 791909 | 791800 || 792706 | 793739 | 791548
Group3; 3463.051896; 2026-07-06 13:11:00.376638; 793288 | 792970 | 791999 || 792738 | 792302 | 792119 || 793079 | 794123 | 791662
Group3; 3469.915149; 2026-07-06 13:11:07.239891; 793347 | 792974 | 791982 || 792751 | 792245 | 792122 || 793054 | 794166 | 791918
Group3; 3476.77939; 2026-07-06 13:11:14.104132; 793454 | 793195 | 792152 || 792850 | 792266 | 792144 || 793023 | 794123 | 791815
Group3; 3483.64339; 2026-07-06 13:11:20.968132; 793444 | 792986 | 791984 || 792679 | 792298 | 792228 || 793051 | 794243 | 791944
Group3; 3490.506551; 2026-07-06 13:11:27.831293; 793537 | 793187 | 792116 || 792579 | 792096 | 791957 || 792842 | 793844 | 791569
Group3; 3497.370516; 2026-07-06 13:11:34.695258; 793350 | 793077 | 791981 || 792586 | 792032 | 791815 || 792759 | 793743 | 791702
Group3; 3504.218513; 2026-07-06 13:11:41.543255; 793263 | 792969 | 791900 || 792500 | 792001 | 791849 || 792751 | 793706 | 791410
Group3; 3511.0823; 2026-07-06 13:11:48.407042; 793229 | 792884 | 791827 || 792464 | 791944 | 791584 || 792557 | 793561 | 791186
Group3; 3517.945895; 2026-07-06 13:11:55.270637; 792954 | 792437 | 791570 || 792265 | 791920 | 791797 || 792702 | 793776 | 791360
Group3; 3524.809959; 2026-07-06 13:12:02.134701; 793153 | 792832 | 791631 || 792191 | 791713 | 791537 || 792598 | 793654 | 791391
Group3; 3531.673813; 2026-07-06 13:12:08.998555; 793049 | 792731 | 791793 || 792350 | 791870 | 791730 || 792652 | 793773 | 791607
Group3; 3538.537573; 2026-07-06 13:12:15.862315; 793163 | 792935 | 791937 || 792673 | 792224 | 792045 || 793017 | 793967 | 791556
Group3; 3545.400813; 2026-07-06 13:12:22.725555; 793312 | 793002 | 791920 || 792913 | 792530 | 792276 || 793214 | 794308 | 791756
Group3; 3552.264992; 2026-07-06 13:12:29.589734; 793512 | 792983 | 791968 || 792759 | 792255 | 792138 || 793014 | 794032 | 791727
Group3; 3559.112665; 2026-07-06 13:12:36.437407; 793651 | 793357 | 792243 || 793011 | 792527 | 792265 || 793156 | 794216 | 791921
Group3; 3565.976747; 2026-07-06 13:12:43.301489; 793704 | 793489 | 792315 || 793215 | 792506 | 792143 || 793134 | 794006 | 791637
Group3; 3572.84008; 2026-07-06 13:12:50.164822; 793405 | 792890 | 791964 || 792731 | 792195 | 791849 || 792889 | 793833 | 791669
Group3; 3579.704304; 2026-07-06 13:12:57.029046; 793397 | 793047 | 792131 || 792816 | 791946 | 791840 || 792794 | 793831 | 791431
Group3; 3586.567798; 2026-07-06 13:13:03.892540; 793275 | 792768 | 791792 || 792698 | 792181 | 792002 || 792906 | 793793 | 791321
Group3; 3593.431761; 2026-07-06 13:13:10.756503; 793101 | 792568 | 791623 || 792272 | 791906 | 791729 || 792572 | 793495 | 791173
Group3; 3600.295665; 2026-07-06 13:13:17.620407; 792928 | 792419 | 791439 || 792065 | 791684 | 791557 || 792477 | 793588 | 791180
Group3; 3607.159343; 2026-07-06 13:13:24.484085; 792968 | 792533 | 791388 || 791950 | 791533 | 791406 || 792310 | 793453 | 791245
Group3; 3614.007279; 2026-07-06 13:13:31.332021; 793024 | 792699 | 791677 || 792384 | 791863 | 791655 || 792623 | 793451 | 791272
Group3; 3620.870893; 2026-07-06 13:13:38.195635; 792948 | 792531 | 791852 || 792564 | 792216 | 792188 || 793019 | 794091 | 791698
Group3; 3627.734502; 2026-07-06 13:13:45.059244; 793371 | 792988 | 791953 || 792768 | 792384 | 792199 || 793142 | 794250 | 792051
Group1; SecondsElapsed; DateTimePC; N95_NTC1 | N95_NTC2 | N95_TestSB || N13_NTC1 | N13_NTC2 | N13_TestSB || N18_NTC1 | N18_NTC2 | N18_TestSB || N19_NTC1 | N19_NTC2 | N19_TestSB || N25_NTC1 | N25_NTC2 | N25_TestSB
Group1; 3627.811673; 2026-07-06 13:13:45.136415; New Node Array: 95 13 18 19 25
Group1; 3627.812035; 2026-07-06 13:13:45.136777; 
Group1; 3639.217982; 2026-07-06 13:13:56.542724; N95_NTC1 | N95_NTC2 | N95_TestSB || N13_NTC1 | N13_NTC2 | N13_TestSB || N18_NTC1 | N18_NTC2 | N18_TestSB || N19_NTC1 | N19_NTC2 | N19_TestSB || N25_NTC1 | N25_NTC2 | N25_TestSB
Group1; 3650.640047; 2026-07-06 13:14:07.964789; 792275 | 793564 | 793672 || 792264 | 792139 | 794075 || 793721 | 792774 | 792693 || 793221 | 791439 | 791578 || 791527 | 792945 | 793553
Group1; 3662.071207; 2026-07-06 13:14:19.395949; 792260 | 793574 | 793593 || 792226 | 791873 | 793751 || 793638 | 792722 | 792397 || 793118 | 791412 | 791646 || 791376 | 792596 | 792996
Group1; 3673.490714; 2026-07-06 13:14:30.815456; 791625 | 792806 | 792870 || 791736 | 791484 | 793401 || 793403 | 792461 | 792044 || 792652 | 790935 | 791033 || 790932 | 792071 | 792623
Group1; 3684.928509; 2026-07-06 13:14:42.253251; 791208 | 792546 | 792687 || 791522 | 791268 | 793202 || 793124 | 792161 | 791843 || 792370 | 790547 | 790633 || 790629 | 791759 | 792341
Group1; 3696.366377; 2026-07-06 13:14:53.691119; 791044 | 792429 | 792460 || 791317 | 791107 | 793019 || 792870 | 791901 | 791666 || 792296 | 790544 | 790826 || 790734 | 791984 | 792736
Group1; 3707.805745; 2026-07-06 13:15:05.130487; 791208 | 792510 | 792682 || 791319 | 791126 | 793075 || 792811 | 791936 | 791793 || 792398 | 790674 | 790791 || 790796 | 791940 | 792627
Group1; 3719.244992; 2026-07-06 13:15:16.569734; 791292 | 792582 | 792907 || 791573 | 791457 | 793483 || 793023 | 792107 | 792207 || 792662 | 791051 | 791179 || 791105 | 792310 | 792810
Group1; 3730.668694; 2026-07-06 13:15:27.993436; 791569 | 792926 | 793095 || 791867 | 791765 | 793883 || 793267 | 792357 | 792377 || 792930 | 791116 | 791370 || 791261 | 792478 | 793169
Group1; 3742.108074; 2026-07-06 13:15:39.432816; 791748 | 793060 | 793238 || 791985 | 791818 | 793896 || 793403 | 792492 | 792439 || 793012 | 791152 | 791215 || 791191 | 792497 | 792974
Group1; 3753.54756; 2026-07-06 13:15:50.872302; 791699 | 792997 | 793039 || 791742 | 791528 | 793544 || 793298 | 792377 | 792209 || 792807 | 790897 | 790945 || 790976 | 791988 | 792553
Group1; 3764.987196; 2026-07-06 13:16:02.311938; 791244 | 792610 | 792745 || 791516 | 791287 | 793490 || 793151 | 792188 | 791943 || 792533 | 790581 | 790731 || 790643 | 792034 | 792615
Group1; 3776.41078; 2026-07-06 13:16:13.735522; 791359 | 792501 | 792555 || 791328 | 791198 | 793178 || 792946 | 792040 | 791852 || 792404 | 790735 | 790964 || 790851 | 792051 | 792537
Group1; 3787.850562; 2026-07-06 13:16:25.175304; 791219 | 792520 | 792567 || 791393 | 791302 | 793391 || 792968 | 792097 | 792170 || 792596 | 791032 | 790988 || 790935 | 791902 | 792477
Group1; 3799.290007; 2026-07-06 13:16:36.614749; 791231 | 792640 | 792825 || 791720 | 791577 | 793753 || 793137 | 792268 | 792398 || 792776 | 791173 | 791260 || 791173 | 792294 | 792946
Group1; 3810.729567; 2026-07-06 13:16:48.054309; 791551 | 793023 | 793276 || 792030 | 791810 | 793765 || 793453 | 792476 | 792321 || 792931 | 791229 | 791427 || 791287 | 792512 | 793098
Group1; 3822.153458; 2026-07-06 13:16:59.478200; 791809 | 793119 | 793083 || 791915 | 791653 | 793698 || 793410 | 792527 | 792440 || 792920 | 791183 | 791225 || 791172 | 792278 | 792855
Group1; 3833.592823; 2026-07-06 13:17:10.917565; 791514 | 792853 | 793172 || 791990 | 791804 | 793681 || 793440 | 792481 | 792211 || 792813 | 790831 | 790889 || 790848 | 792089 | 792726
Group1; 3845.032407; 2026-07-06 13:17:22.357149; 791510 | 793055 | 793172 || 791824 | 791645 | 793360 || 793264 | 792394 | 791779 || 792592 | 790490 | 790884 || 790676 | 792118 | 792616
Group1; 3856.472134; 2026-07-06 13:17:33.796876; 791382 | 792673 | 792831 || 791637 | 791440 | 793382 || 793113 | 792169 | 791885 || 792502 | 790779 | 791029 || 791011 | 792263 | 792781
Group1; 3867.911501; 2026-07-06 13:17:45.236243; 791420 | 792664 | 792846 || 791644 | 791513 | 793537 || 793121 | 792208 | 792122 || 792680 | 790880 | 790970 || 790887 | 792110 | 792772
Group1; 3879.335145; 2026-07-06 13:17:56.659887; 791477 | 792835 | 792957 || 791647 | 791439 | 793448 || 793112 | 792188 | 792064 || 792620 | 790908 | 791112 || 790962 | 792187 | 792751
Group1; 3890.774742; 2026-07-06 13:18:08.099484; 791384 | 792716 | 792976 || 791690 | 791528 | 793618 || 793200 | 792214 | 792122 || 792598 | 790831 | 791038 || 790903 | 792216 | 792806
Group1; 3902.21443; 2026-07-06 13:18:19.539172; 791499 | 792925 | 793162 || 791823 | 791774 | 793733 || 793273 | 792298 | 792284 || 792855 | 791030 | 791121 || 791025 | 792126 | 792759
Group1; 3913.653939; 2026-07-06 13:18:30.978681; 791378 | 792653 | 792922 || 791644 | 791485 | 793482 || 793182 | 792312 | 792087 || 792773 | 790887 | 790914 || 790935 | 792058 | 792637
Group1; 3925.077543; 2026-07-06 13:18:42.402285; 791355 | 792673 | 792882 || 791633 | 791442 | 793531 || 793168 | 792260 | 792193 || 792714 | 790920 | 790885 || 790884 | 792015 | 792611
Group1; 3936.517121; 2026-07-06 13:18:53.841863; 791427 | 792754 | 792887 || 791630 | 791499 | 793580 || 793200 | 792245 | 791962 || 792582 | 790766 | 791310 || 790945 | 792333 | 792997
Group1; 3947.956753; 2026-07-06 13:19:05.281495; 791588 | 792874 | 792803 || 791568 | 791425 | 793541 || 793110 | 792246 | 792203 || 792792 | 790925 | 790934 || 790909 | 791996 | 792605
Group1; 3959.396307; 2026-07-06 13:19:16.721049; 791245 | 792797 | 792926 || 791614 | 791543 | 793619 || 793120 | 792292 | 792123 || 792708 | 790932 | 791007 || 791034 | 792289 | 792692
Group1; 3970.835812; 2026-07-06 13:19:28.160554; 791398 | 792571 | 792645 || 791648 | 791488 | 793786 || 793200 | 792180 | 792364 || 792850 | 791127 | 791063 || 791006 | 792162 | 792776
Group1; 3982.259597; 2026-07-06 13:19:39.584339; 791362 | 792717 | 793011 || 791796 | 791606 | 793631 || 793237 | 792303 | 792195 || 792640 | 790858 | 791092 || 791083 | 792431 | 793114
Group1; 3993.699106; 2026-07-06 13:19:51.023848; 791844 | 793133 | 793295 || 791913 | 791726 | 793723 || 793342 | 792300 | 792046 || 792784 | 790794 | 791045 || 790878 | 792263 | 792845
Group1; 4005.138796; 2026-07-06 13:20:02.463538; 791582 | 793073 | 793178 || 791877 | 791511 | 793576 || 793320 | 792302 | 792200 || 792754 | 791091 | 791245 || 791215 | 792495 | 792982
Group1; 4016.578197; 2026-07-06 13:20:13.902939; 791758 | 793047 | 793068 || 791836 | 791655 | 793543 || 793275 | 792383 | 791961 || 792696 | 790866 | 791089 || 791051 | 792347 | 792879
Group1; 4028.002052; 2026-07-06 13:20:25.326794; 791632 | 792897 | 793032 || 791826 | 791481 | 793393 || 793230 | 792256 | 791853 || 792569 | 790691 | 791111 || 790840 | 792215 | 792818
Group1; 4039.441467; 2026-07-06 13:20:36.766209; 791401 | 792666 | 792678 || 791350 | 791091 | 793183 || 792955 | 792030 | 791921 || 792367 | 790658 | 790931 || 790732 | 791951 | 792571
Group1; 4050.880946; 2026-07-06 13:20:48.205688; 791222 | 792489 | 792570 || 791128 | 790941 | 793201 || 792785 | 791918 | 791987 || 792427 | 790824 | 790764 || 790785 | 791892 | 792438
Group1; 4062.32098; 2026-07-06 13:20:59.645722; 791040 | 792528 | 792801 || 791396 | 791361 | 793342 || 792930 | 792049 | 791889 || 792456 | 790778 | 790905 || 790975 | 792200 | 792726
Group1; 4073.74418; 2026-07-06 13:21:11.068922; 791402 | 792777 | 792822 || 791603 | 791530 | 793815 || 793160 | 792205 | 792444 || 792855 | 791192 | 791277 || 791236 | 792427 | 793006
Group1; 4085.183999; 2026-07-06 13:21:22.508741; 791684 | 793110 | 793309 || 792079 | 792024 | 794047 || 793452 | 792648 | 792752 || 793219 | 791670 | 791887 || 791849 | 793217 | 793939
Group1; 4096.623375; 2026-07-06 13:21:33.948117; 792631 | 794062 | 794325 || 793034 | 792974 | 795020 || 794265 | 793375 | 793433 || 794207 | 792624 | 792790 || 792687 | 794285 | 794983
Group1; 4108.063448; 2026-07-06 13:21:45.388190; 793733 | 795316 | 795539 || 794067 | 793998 | 795965 || 795225 | 794145 | 794452 || 795153 | 793795 | 794150 || 793967 | 795395 | 796004
Group1; 4119.502601; 2026-07-06 13:21:56.827343; 794765 | 796141 | 796420 || 795312 | 795135 | 797648 || 796284 | 795145 | 796122 || 796427 | 795036 | 795146 || 795161 | 796721 | 797334
Group1; 4130.926315; 2026-07-06 13:22:08.251057; 796098 | 797641 | 797848 || 796672 | 796452 | 798559 || 797624 | 796493 | 797330 || 797672 | 796551 | 796822 || 796901 | 798318 | 798904
Group1; 4142.365751; 2026-07-06 13:22:19.690493; 797659 | 799097 | 799366 || 798079 | 798040 | 800169 || 798992 | 798440 | 798952 || 799346 | 797827 | 798297 || 798176 | 799739 | 800389
Group1; 4153.805731; 2026-07-06 13:22:31.130473; 799236 | 800711 | 801042 || 799653 | 799659 | 801709 || 800659 | 799729 | 800361 || 800862 | 799721 | 800013 || 799949 | 801328 | 802158
Group1; 4165.245018; 2026-07-06 13:22:42.569760; 800864 | 802395 | 802631 || 801263 | 801303 | 803425 || 802153 | 801448 | 802017 || 802618 | 801167 | 801655 || 801507 | 803128 | 803966
Group1; 4176.668669; 2026-07-06 13:22:53.993411; 802635 | 804173 | 804361 || 802988 | 803017 | 805151 || 803876 | 802982 | 803748 || 804496 | 803733 | 804179 || 804335 | 805944 | 806990
Group1; 4188.108179; 2026-07-06 13:23:05.432921; 805532 | 807466 | 808082 || 806253 | 807218 | 810239 || 806967 | 805522 | 808840 || 808884 | 808802 | 809891 || 809424 | 811621 | 813080
Group1; 4199.547803; 2026-07-06 13:23:16.872545; 811825 | 814017 | 814458 || 813067 | 813869 | 816214 || 812299 | 811725 | 815647 || 815360 | 815852 | 816706 || 816391 | 818798 | 819161
Group1; 4210.987465; 2026-07-06 13:23:28.312207; 818302 | 820285 | 820692 || 819353 | 820322 | 822692 || 818561 | 817381 | 822204 || 822013 | 822471 | 823163 || 823208 | 825296 | 825973
Group1; 4222.41117; 2026-07-06 13:23:39.735912; 825344 | 827509 | 828092 || 826604 | 826981 | 830052 || 825325 | 823874 | 828438 || 828655 | 828676 | 828993 || 829342 | 832297 | 833832
Group1; 4233.850503; 2026-07-06 13:23:51.175245; 832642 | 834918 | 834989 || 833723 | 834530 | 837596 || 832623 | 832229 | 835854 || 836086 | 835870 | 837572 || 836606 | 839045 | 840799
Group1; 4245.290348; 2026-07-06 13:24:02.615090; 838942 | 841028 | 841929 || 840781 | 841168 | 843930 || 839305 | 837456 | 842692 || 842581 | 843079 | 844212 || 843888 | 846204 | 847130
Group1; 4256.72993; 2026-07-06 13:24:14.054672; 845925 | 847846 | 848382 || 847093 | 847603 | 850555 || 845989 | 845826 | 849383 || 849391 | 849437 | 849865 || 849998 | 851914 | 853127
Group1; 4268.169396; 2026-07-06 13:24:25.494138; 852027 | 854255 | 854595 || 853197 | 853646 | 856188 || 852293 | 852021 | 853814 || 855393 | 854932 | 856059 || 855784 | 858068 | 858833
Group1; 4279.593387; 2026-07-06 13:24:36.918129; 857893 | 859976 | 860397 || 858845 | 859441 | 862191 || 858307 | 856963 | 860675 || 861143 | 860578 | 861088 || 861147 | 862898 | 864237
Group1; 4291.032506; 2026-07-06 13:24:48.357248; 863176 | 865002 | 865773 || 864401 | 864802 | 867579 || 864138 | 862313 | 865553 || 866512 | 866386 | 867213 || 866895 | 869035 | 869958
Group1; 4302.472182; 2026-07-06 13:24:59.796924; 869037 | 870859 | 871251 || 869702 | 870443 | 873109 || 869011 | 868979 | 871386 || 871996 | 871842 | 872492 || 872375 | 874264 | 875857
Group1; 4313.912157; 2026-07-06 13:25:11.236899; 874041 | 875942 | 876875 || 875032 | 875525 | 878521 || 874426 | 873254 | 877228 || 877208 | 876855 | 877626 || 877595 | 879972 | 881448
Group1; 4325.351254; 2026-07-06 13:25:22.675996; 879380 | 881480 | 882556 || 880003 | 881092 | 884164 || 879493 | 879285 | 882939 || 882766 | 882566 | 883043 || 882945 | 885315 | 886413
Group2; SecondsElapsed; DateTimePC; N26_NTC1 | N26_NTC2 | N26_TestSB || N28_NTC1 | N28_NTC2 | N28_TestSB || N35_NTC1 | N35_NTC2 | N35_TestSB || N62_NTC1 | N62_NTC2 | N62_TestSB || N85_NTC1 | N85_NTC2 | N85_TestSB
Group2; 4325.427204; 2026-07-06 13:25:22.751946; New Node Array: 26 28 35 62 85
Group2; 4325.427357; 2026-07-06 13:25:22.752099; 
Group2; 4336.835009; 2026-07-06 13:25:34.159751; N26_NTC1 | N26_NTC2 | N26_TestSB || N28_NTC1 | N28_NTC2 | N28_TestSB || N35_NTC1 | N35_NTC2 | N35_TestSB || N62_NTC1 | N62_NTC2 | N62_TestSB || N85_NTC1 | N85_NTC2 | N85_TestSB
Group2; 4348.274569; 2026-07-06 13:25:45.599311; 890731 | 892367 | 892860 || 890972 | 16777216 | 894143 || 895652 | 893263 | 892150 || 893485 | 896935 | 896177 || 894821 | 893428 | 892340
Group2; 4359.714113; 2026-07-06 13:25:57.038855; 896413 | 897865 | 898671 || 896519 | 16777216 | 899238 || 901538 | 898688 | 897383 || 899297 | 902531 | 901359 || 900613 | 899232 | 897591
Group2; 4371.137681; 2026-07-06 13:26:08.462423; 901933 | 903491 | 903668 || 902170 | 16777216 | 905234 || 906859 | 904031 | 902862 || 904506 | 907879 | 907265 || 905875 | 904768 | 903069
Group2; 4382.577332; 2026-07-06 13:26:19.902074; 907687 | 909153 | 909445 || 907582 | 16777216 | 910043 || 912382 | 909896 | 908185 || 909959 | 913880 | 912843 || 911222 | 910297 | 908359
Group2; 4394.017014; 2026-07-06 13:26:31.341756; 913051 | 914555 | 915257 || 913058 | 16777216 | 916273 || 917718 | 915178 | 914277 || 915236 | 919185 | 918477 || 916855 | 915678 | 914196
Group2; 4405.456823; 2026-07-06 13:26:42.781565; 918458 | 919843 | 920557 || 918703 | 16777216 | 921611 || 923639 | 920755 | 919590 || 921076 | 924603 | 923711 || 922197 | 921153 | 920304
Group2; 4416.896023; 2026-07-06 13:26:54.220765; 924271 | 925459 | 925810 || 924204 | 16777216 | 927130 || 929293 | 926157 | 924780 || 927032 | 930327 | 929257 || 928073 | 926341 | 925332
Group2; 4428.319874; 2026-07-06 13:27:05.644616; 929279 | 931190 | 931644 || 929832 | 16777216 | 932955 || 934838 | 931967 | 930447 || 932681 | 936152 | 935177 || 933967 | 932321 | 930971
Group2; 4439.759467; 2026-07-06 13:27:17.084209; 935063 | 936157 | 936067 || 933293 | 16777216 | 934938 || 937186 | 933577 | 931833 || 933269 | 936367 | 934888 || 935054 | 932964 | 933453
Group2; 4451.198915; 2026-07-06 13:27:28.523657; 934628 | 935723 | 935875 || 933439 | 16777216 | 935702 || 938000 | 934561 | 932901 || 934533 | 937828 | 936355 || 936449 | 934307 | 934426
Group2; 4462.638432; 2026-07-06 13:27:39.963174; 935679 | 936786 | 937252 || 934732 | 16777216 | 937113 || 939439 | 935968 | 934452 || 935940 | 939293 | 937619 || 937765 | 935797 | 936107
Group2; 4474.06202; 2026-07-06 13:27:51.386762; 937370 | 938540 | 938843 || 936293 | 16777216 | 938693 || 940902 | 937598 | 935979 || 937502 | 940801 | 939389 || 939396 | 937302 | 937398
Group2; 4485.501582; 2026-07-06 13:28:02.826324; 938750 | 939910 | 940182 || 937681 | 16777216 | 940190 || 942383 | 939025 | 937540 || 938894 | 942109 | 940719 || 940740 | 938537 | 938984
Group2; 4496.941237; 2026-07-06 13:28:14.265979; 940171 | 941376 | 941944 || 939448 | 16777216 | 941635 || 943976 | 940533 | 939125 || 940594 | 944038 | 942585 || 942461 | 940337 | 940708
Group2; 4508.380782; 2026-07-06 13:28:25.705524; 941879 | 943004 | 943227 || 940820 | 16777216 | 943379 || 945672 | 942312 | 940718 || 942110 | 945344 | 943882 || 943857 | 941684 | 941978
Group2; 4519.820431; 2026-07-06 13:28:37.145173; 943325 | 944597 | 945029 || 942763 | 16777216 | 944929 || 947286 | 943720 | 941951 || 943479 | 946611 | 945256 || 945509 | 943256 | 943375
Group2; 4531.243955; 2026-07-06 13:28:48.568697; 944878 | 946142 | 946506 || 944128 | 16777216 | 946615 || 948906 | 945478 | 943759 || 945122 | 948377 | 946947 || 946953 | 944952 | 945039
Group2; 4542.683642; 2026-07-06 13:29:00.008384; 946827 | 947844 | 948287 || 945717 | 16777216 | 948246 || 950327 | 947019 | 945665 || 946835 | 950432 | 949013 || 948846 | 947008 | 947064
Group2; 4554.123151; 2026-07-06 13:29:11.447893; 948579 | 949723 | 950045 || 947328 | 16777216 | 949677 || 951979 | 948535 | 946937 || 948466 | 951825 | 950382 || 950398 | 948400 | 948603
Group2; 4565.562911; 2026-07-06 13:29:22.887653; 949921 | 951057 | 951393 || 949245 | 16777216 | 951557 || 953873 | 950320 | 948585 || 949991 | 953230 | 951982 || 951915 | 949878 | 950085
Group2; 4577.002232; 2026-07-06 13:29:34.326974; 951671 | 952998 | 953152 || 950595 | 16777216 | 952830 || 955117 | 951659 | 950265 || 951718 | 955293 | 954049 || 953818 | 951761 | 951904
Group2; 4588.426016; 2026-07-06 13:29:45.750758; 953424 | 954558 | 954823 || 952351 | 16777216 | 954636 || 956998 | 953513 | 952065 || 953372 | 956911 | 955671 || 955381 | 953505 | 953633
Group2; 4599.865587; 2026-07-06 13:29:57.190329; 955198 | 956333 | 956587 || 953923 | 16777216 | 956321 || 958687 | 955387 | 953665 || 955092 | 958501 | 956950 || 956887 | 954955 | 955277
Group2; 4611.30508; 2026-07-06 13:30:08.629822; 956408 | 957656 | 957887 || 955689 | 16777216 | 957957 || 960256 | 956744 | 955137 || 956423 | 960063 | 958764 || 958651 | 956629 | 956740
Group2; 4622.744792; 2026-07-06 13:30:20.069534; 958393 | 959610 | 959828 || 956804 | 16777216 | 959375 || 961513 | 958249 | 956920 || 957900 | 961544 | 960478 || 960099 | 958266 | 958251
Group2; 4634.184249; 2026-07-06 13:30:31.508991; 960057 | 961460 | 962174 || 959745 | 16777216 | 963013 || 964915 | 962195 | 960735 || 962392 | 966664 | 964954 || 964441 | 962896 | 961983
Group2; 4645.60821; 2026-07-06 13:30:42.932952; 966171 | 968152 | 968728 || 966520 | 16777216 | 970203 || 971619 | 969615 | 968073 || 969478 | 973962 | 973295 || 971006 | 969993 | 968603
Group2; 4657.047647; 2026-07-06 13:30:54.372389; 973450 | 974312 | 974001 || 971569 | 16777216 | 973406 || 975682 | 972558 | 971005 || 972832 | 976306 | 974882 || 974220 | 972199 | 972330
Group2; 4668.487081; 2026-07-06 13:31:05.811823; 974034 | 975029 | 975375 || 972853 | 16777216 | 975154 || 977989 | 974165 | 972637 || 974571 | 977963 | 976270 || 975923 | 974042 | 974254
Group2; 4679.926794; 2026-07-06 13:31:17.251536; 975523 | 976777 | 977055 || 974429 | 16777216 | 977278 || 979479 | 975915 | 974249 || 975620 | 978712 | 977203 || 977280 | 975108 | 975565
Group2; 4691.366308; 2026-07-06 13:31:28.691050; 976354 | 977181 | 977328 || 974633 | 16777216 | 976755 || 979347 | 975506 | 973491 || 974905 | 977797 | 975852 || 976629 | 974074 | 975207
Group2; 4702.789992; 2026-07-06 13:31:40.114734; 974619 | 975506 | 975573 || 972577 | 16777216 | 974460 || 976614 | 972486 | 970721 || 971707 | 974819 | 973177 || 974210 | 971514 | 972985
Group2; 4714.229476; 2026-07-06 13:31:51.554218; 971449 | 972191 | 972119 || 968922 | 16777216 | 970731 || 973366 | 969093 | 967244 || 968657 | 971662 | 969913 || 971402 | 968482 | 970191
Group2; 4725.669187; 2026-07-06 13:32:02.993929; 968550 | 969114 | 969281 || 966308 | 16777216 | 968274 || 971058 | 967047 | 965300 || 966667 | 969802 | 968352 || 969400 | 966708 | 967777
Group2; 4737.108653; 2026-07-06 13:32:14.433395; 967328 | 968114 | 968140 || 965429 | 16777216 | 967548 || 970201 | 966379 | 964690 || 966270 | 969501 | 968046 || 968783 | 966104 | 966907
Group2; 4748.548206; 2026-07-06 13:32:25.872948; 966873 | 967840 | 968099 || 965465 | 16777216 | 968210 || 970503 | 966735 | 965121 || 966382 | 969757 | 968322 || 968751 | 966309 | 966985
Group2; 4759.972059; 2026-07-06 13:32:37.296801; 967742 | 969015 | 969285 || 966445 | 16777216 | 968687 || 971211 | 967547 | 965807 || 967510 | 970783 | 969222 || 969577 | 967180 | 967623
Group2; 4771.411368; 2026-07-06 13:32:48.736110; 968496 | 969676 | 969923 || 967329 | 16777216 | 969930 || 972257 | 968758 | 967129 || 968619 | 971934 | 970471 || 970763 | 968546 | 968768
Group2; 4782.851049; 2026-07-06 13:33:00.175791; 970150 | 971346 | 971518 || 968782 | 16777216 | 970854 || 973398 | 969783 | 968078 || 969601 | 973025 | 971474 || 971797 | 969531 | 969928
Group2; 4794.290571; 2026-07-06 13:33:11.615313; 970915 | 971947 | 972196 || 969770 | 16777216 | 972190 || 974782 | 970900 | 969144 || 970529 | 973689 | 972193 || 972469 | 970125 | 970719
Group2; 4805.714392; 2026-07-06 13:33:23.039134; 971504 | 972707 | 972825 || 969937 | 16777216 | 971854 || 974389 | 970660 | 969037 || 970801 | 973911 | 972410 || 972884 | 970264 | 971023
Group2; 4817.153835; 2026-07-06 13:33:34.478577; 971184 | 972064 | 972297 || 969603 | 16777216 | 971827 || 974512 | 970618 | 968846 || 970381 | 973510 | 971905 || 972459 | 969672 | 970687
Group2; 4828.593455; 2026-07-06 13:33:45.918197; 970501 | 971351 | 971662 || 968898 | 16777216 | 971331 || 973824 | 970134 | 968450 || 969866 | 972947 | 971159 || 971770 | 969092 | 970115
Group2; 4840.033258; 2026-07-06 13:33:57.358000; 969911 | 970976 | 971229 || 968669 | 16777216 | 971087 || 973690 | 969728 | 968024 || 969360 | 972474 | 970718 || 971373 | 968870 | 969816
Group2; 4851.472506; 2026-07-06 13:34:08.797248; 969756 | 970977 | 971418 || 968585 | 16777216 | 970754 || 973162 | 969446 | 967868 || 969324 | 972541 | 970986 || 971470 | 968944 | 969761
Group2; 4862.896156; 2026-07-06 13:34:20.220898; 970024 | 971101 | 971474 || 968622 | 16777216 | 970876 || 973388 | 969609 | 967904 || 969320 | 972576 | 971404 || 971587 | 969256 | 969953
Group2; 4874.335894; 2026-07-06 13:34:31.660636; 970545 | 971773 | 971865 || 969297 | 16777216 | 971505 || 974012 | 970291 | 968585 || 969919 | 973060 | 971421 || 971970 | 969581 | 970221
Group2; 4885.775447; 2026-07-06 13:34:43.100189; 970873 | 971887 | 972109 || 969454 | 16777216 | 971656 || 974153 | 970480 | 968693 || 970220 | 973690 | 972340 || 972553 | 970198 | 970733
Group2; 4897.215041; 2026-07-06 13:34:54.539783; 971584 | 972300 | 972525 || 969668 | 16777216 | 972042 || 974436 | 970681 | 969097 || 970440 | 973733 | 972362 || 972703 | 970270 | 970967
Group2; 4908.654533; 2026-07-06 13:35:05.979275; 971393 | 972245 | 972465 || 969631 | 16777216 | 972209 || 974521 | 970894 | 969408 || 970838 | 974170 | 972651 || 973006 | 970504 | 971193
Group2; 4920.078015; 2026-07-06 13:35:17.402757; 971508 | 972377 | 972523 || 969870 | 16777216 | 972230 || 974751 | 970982 | 969197 || 970693 | 973875 | 972255 || 972686 | 970258 | 971045
Group2; 4931.517737; 2026-07-06 13:35:28.842479; 971035 | 972056 | 972397 || 969538 | 16777216 | 971861 || 974490 | 970717 | 969061 || 970496 | 973502 | 971737 || 972417 | 969800 | 970803
Group2; 4942.957302; 2026-07-06 13:35:40.282044; 970743 | 971824 | 972262 || 969685 | 16777216 | 971694 || 974297 | 970433 | 968491 || 970025 | 973087 | 971587 || 972244 | 969768 | 970510
Group2; 4954.397027; 2026-07-06 13:35:51.721769; 970941 | 972012 | 972167 || 969480 | 16777216 | 971635 || 974165 | 970304 | 968564 || 969937 | 973190 | 971820 || 972312 | 969803 | 970500
Group2; 4965.836652; 2026-07-06 13:36:03.161394; 970996 | 972050 | 972231 || 969319 | 16777216 | 971528 || 974201 | 970319 | 968729 || 970408 | 973426 | 971869 || 972472 | 969914 | 970588
Group2; 4977.260298; 2026-07-06 13:36:14.585040; 970936 | 971911 | 972350 || 969628 | 16777216 | 971736 || 974288 | 970564 | 968815 || 970308 | 973697 | 972176 || 972633 | 970183 | 970779
Group2; 4988.699554; 2026-07-06 13:36:26.024296; 971423 | 972495 | 972649 || 970079 | 16777216 | 972095 || 974590 | 970882 | 969236 || 970674 | 974081 | 972614 || 973031 | 970494 | 971130
Group2; 5000.139185; 2026-07-06 13:36:37.463927; 971774 | 972605 | 972685 || 969913 | 16777216 | 972238 || 974558 | 971018 | 969426 || 971045 | 974394 | 972758 || 973173 | 970531 | 971320
Group2; 5011.579011; 2026-07-06 13:36:48.903753; 971361 | 972449 | 972694 || 969982 | 16777216 | 972206 || 974777 | 971243 | 969444 || 970842 | 974218 | 972476 || 972872 | 970377 | 971118
Group2; 5023.018361; 2026-07-06 13:37:00.343103; 971192 | 972255 | 972495 || 969945 | 16777216 | 972048 || 974528 | 970657 | 968869 || 970344 | 973560 | 971939 || 972668 | 970050 | 970792
Group3; SecondsElapsed; DateTimePC; N86_NTC1 | N86_NTC2 | N86_TestSB || N87_NTC1 | N87_NTC2 | N87_TestSB || N98_NTC1 | N98_NTC2 | N98_TestSB
Group3; 5023.075484; 2026-07-06 13:37:00.400226; New Node Array: 86 87 98
Group3; 5023.075593; 2026-07-06 13:37:00.400335; 
Group3; 5029.923255; 2026-07-06 13:37:07.247997; N86_NTC1 | N86_NTC2 | N86_TestSB || N87_NTC1 | N87_NTC2 | N87_TestSB || N98_NTC1 | N98_NTC2 | N98_TestSB
Group3; 5036.787162; 2026-07-06 13:37:14.111904; 972595 | 972195 | 970908 || 971793 | 971173 | 970883 || 972050 | 973070 | 970154
Group3; 5043.634732; 2026-07-06 13:37:20.959474; 972368 | 971758 | 970807 || 971697 | 971069 | 970908 || 971935 | 972905 | 970088
Group3; 5050.498442; 2026-07-06 13:37:27.823184; 972229 | 971788 | 970617 || 971784 | 971189 | 970947 || 972156 | 973110 | 970337
Group3; 5057.362355; 2026-07-06 13:37:34.687097; 972331 | 972084 | 970796 || 971721 | 971050 | 970872 || 972074 | 973141 | 970422
Group3; 5064.225966; 2026-07-06 13:37:41.550708; 972476 | 972116 | 970828 || 971925 | 971320 | 970987 || 972164 | 973290 | 970452
Group3; 5071.089745; 2026-07-06 13:37:48.414487; 972727 | 972432 | 971104 || 972186 | 971652 | 971505 || 972624 | 973915 | 971090
Group3; 5077.953491; 2026-07-06 13:37:55.278233; 973082 | 972591 | 971236 || 972115 | 971640 | 971508 || 972629 | 973884 | 971011
Group3; 5084.817239; 2026-07-06 13:38:02.141981; 973091 | 972780 | 971493 || 972768 | 972246 | 971998 || 973031 | 974268 | 971415
Group3; 5091.679841; 2026-07-06 13:38:09.004583; 973386 | 972936 | 971525 || 972399 | 971901 | 971705 || 972896 | 974178 | 971475
Group3; 5098.513569; 2026-07-06 13:38:15.838311; 973446 | 972989 | 971559 || 972163 | 971754 | 971443 || 972623 | 973779 | 970978
Group3; 5105.367828; 2026-07-06 13:38:22.692570; 973101 | 972601 | 971293 || 972091 | 971560 | 971301 || 972482 | 973496 | 970836
Group3; 5112.22576; 2026-07-06 13:38:29.550502; 972936 | 972319 | 971062 || 971955 | 971425 | 971263 || 972477 | 973640 | 970876
Group3; 5119.085727; 2026-07-06 13:38:36.410469; 972806 | 972137 | 970916 || 971608 | 971234 | 971009 || 972214 | 973163 | 970383
Group3; 5125.947076; 2026-07-06 13:38:43.271818; 972534 | 971977 | 970733 || 971593 | 971093 | 970881 || 971998 | 973239 | 970469
Group3; 5132.809264; 2026-07-06 13:38:50.134006; 972562 | 971992 | 970612 || 971437 | 970936 | 970662 || 972106 | 973232 | 970515
Group3; 5139.672043; 2026-07-06 13:38:56.996785; 972456 | 971958 | 970635 || 971490 | 971059 | 970874 || 971981 | 973205 | 970324
Group3; 5146.53547; 2026-07-06 13:39:03.860212; 972375 | 971885 | 970581 || 971551 | 970951 | 970742 || 971906 | 973047 | 970209
Group3; 5153.398305; 2026-07-06 13:39:10.723047; 972308 | 972049 | 970714 || 971730 | 971126 | 970955 || 972140 | 973209 | 970514
Group3; 5160.245788; 2026-07-06 13:39:17.570530; 972620 | 972288 | 970973 || 971875 | 971278 | 970977 || 972179 | 973290 | 970639
Group3; 5167.109494; 2026-07-06 13:39:24.434236; 972630 | 972265 | 970980 || 971990 | 971405 | 971488 || 972535 | 973879 | 971048
Group3; 5173.973018; 2026-07-06 13:39:31.297760; 973111 | 972918 | 971485 || 972531 | 971925 | 971539 || 972787 | 973837 | 970894
Group3; 5180.836613; 2026-07-06 13:39:38.161355; 973078 | 972692 | 971350 || 972485 | 971964 | 971705 || 972839 | 973964 | 971209
Group3; 5187.700503; 2026-07-06 13:39:45.025245; 973361 | 972941 | 971652 || 972566 | 971986 | 971844 || 972853 | 973963 | 971147
Group3; 5194.564249; 2026-07-06 13:39:51.888991; 973199 | 972680 | 971261 || 972049 | 971431 | 971141 || 972395 | 973527 | 970692
Group3; 5201.427855; 2026-07-06 13:39:58.752597; 972913 | 972572 | 971210 || 971870 | 971288 | 971113 || 972076 | 973216 | 970560
Group3; 5208.291542; 2026-07-06 13:40:05.616284; 972602 | 972122 | 970813 || 971576 | 970982 | 970862 || 971837 | 972910 | 970240
Group3; 5215.139733; 2026-07-06 13:40:12.464475; 972151 | 971582 | 970359 || 971052 | 970494 | 970287 || 971461 | 972465 | 969792
Group3; 5222.003008; 2026-07-06 13:40:19.327750; 971803 | 971309 | 970114 || 971028 | 970397 | 970169 || 971347 | 972414 | 969634
Group3; 5228.867002; 2026-07-06 13:40:26.191744; 971757 | 971216 | 969972 || 970749 | 970155 | 969957 || 971163 | 972434 | 969608
Group3; 5235.730805; 2026-07-06 13:40:33.055547; 971797 | 971586 | 970227 || 970963 | 970498 | 970202 || 971364 | 972429 | 969581
Group3; 5242.594232; 2026-07-06 13:40:39.918974; 971705 | 971160 | 970053 || 971084 | 970592 | 970642 || 971513 | 972867 | 970228
Group3; 5249.457996; 2026-07-06 13:40:46.782738; 972101 | 971731 | 970377 || 971211 | 970737 | 970698 || 971683 | 973053 | 970284
Group3; 5256.321916; 2026-07-06 13:40:53.646658; 972156 | 971813 | 970572 || 971479 | 970934 | 970826 || 971918 | 973097 | 970314
Group3; 5263.185703; 2026-07-06 13:41:00.510445; 972253 | 971849 | 970582 || 971454 | 970908 | 970796 || 971878 | 973077 | 970467
Group3; 5270.033383; 2026-07-06 13:41:07.358125; 972442 | 972178 | 970803 || 971469 | 970904 | 970652 || 972036 | 973436 | 970617
Group3; 5276.897066; 2026-07-06 13:41:14.221808; 972667 | 972173 | 970793 || 971794 | 971218 | 970964 || 972185 | 973277 | 970421
Group3; 5283.760977; 2026-07-06 13:41:21.085719; 972586 | 972127 | 970887 || 971841 | 971303 | 971217 || 972335 | 973408 | 970664
Group3; 5290.624551; 2026-07-06 13:41:27.949293; 972642 | 972235 | 970948 || 971867 | 971340 | 971419 || 972457 | 973690 | 970842
Group3; 5297.488368; 2026-07-06 13:41:34.813110; 972819 | 972333 | 971028 || 971712 | 971199 | 971098 || 972235 | 973429 | 970737
Group3; 5304.352226; 2026-07-06 13:41:41.676968; 972648 | 972277 | 970842 || 971448 | 970936 | 970753 || 971868 | 973047 | 970248
Group3; 5311.215857; 2026-07-06 13:41:48.540599; 972380 | 971858 | 970506 || 971345 | 970843 | 970751 || 971850 | 972916 | 969966
Group3; 5318.079486; 2026-07-06 13:41:55.404228; 972139 | 971474 | 970181 || 970998 | 970460 | 970283 || 971510 | 972570 | 969852
Group3; 5324.927269; 2026-07-06 13:42:02.252011; 972027 | 971512 | 970110 || 970890 | 970376 | 970102 || 971424 | 972516 | 969807
Group3; 5331.791103; 2026-07-06 13:42:09.115845; 971889 | 971459 | 970050 || 970853 | 970356 | 970084 || 971331 | 972484 | 969739
Group3; 5338.654786; 2026-07-06 13:42:15.979528; 971917 | 971531 | 970184 || 970853 | 970284 | 970130 || 971272 | 972409 | 969619
Group3; 5345.518695; 2026-07-06 13:42:22.843437; 971658 | 971366 | 970012 || 970972 | 970494 | 970293 || 971431 | 972484 | 969699
Group3; 5352.38232; 2026-07-06 13:42:29.707062; 971757 | 971229 | 969978 || 970880 | 970383 | 970113 || 971455 | 972620 | 969803
Group3; 5359.246098; 2026-07-06 13:42:36.570840; 971916 | 971530 | 970108 || 971120 | 970560 | 970351 || 971354 | 972433 | 969596
Group3; 5366.109798; 2026-07-06 13:42:43.434540; 971642 | 971311 | 970202 || 971044 | 970576 | 970360 || 971474 | 972570 | 969766
Group3; 5372.95764; 2026-07-06 13:42:50.282382; 971844 | 971189 | 970003 || 970748 | 970374 | 970240 || 971378 | 972554 | 969811
Group3; 5379.821424; 2026-07-06 13:42:57.146166; 971940 | 971718 | 970323 || 971256 | 970429 | 970240 || 971250 | 972244 | 969574
Group3; 5386.685012; 2026-07-06 13:43:04.009754; 971819 | 971440 | 970269 || 971038 | 970410 | 970295 || 971419 | 972533 | 969873
Group3; 5393.548743; 2026-07-06 13:43:10.873485; 971928 | 971444 | 969971 || 970889 | 970304 | 970096 || 971283 | 972385 | 969638
Group3; 5400.412513; 2026-07-06 13:43:17.737255; 971723 | 971423 | 970128 || 971252 | 970608 | 970232 || 971386 | 972320 | 969524
Group3; 5407.276558; 2026-07-06 13:43:24.601300; 971547 | 971051 | 969995 || 970805 | 970502 | 970415 || 971401 | 972590 | 969726
Group3; 5414.14006; 2026-07-06 13:43:31.464802; 971656 | 971039 | 969830 || 970393 | 969881 | 969649 || 970915 | 972107 | 969628
Group3; 5421.003915; 2026-07-06 13:43:38.328657; 971704 | 971447 | 970101 || 971008 | 970402 | 970165 || 971206 | 972231 | 969232
Group3; 5427.851558; 2026-07-06 13:43:45.176300; 971402 | 970821 | 969782 || 970683 | 970171 | 969867 || 971023 | 972153 | 969556
Group3; 5434.715245; 2026-07-06 13:43:52.039987; 971488 | 971146 | 969930 || 970691 | 970040 | 969956 || 971025 | 972148 | 969447
Group3; 5441.57897; 2026-07-06 13:43:58.903712; 971500 | 971113 | 969903 || 970705 | 970118 | 969945 || 971097 | 972109 | 969259
Group1; SecondsElapsed; DateTimePC; N95_NTC1 | N95_NTC2 | N95_TestSB || N13_NTC1 | N13_NTC2 | N13_TestSB || N18_NTC1 | N18_NTC2 | N18_TestSB || N19_NTC1 | N19_NTC2 | N19_TestSB || N25_NTC1 | N25_NTC2 | N25_TestSB
Group1; 5441.654938; 2026-07-06 13:43:58.979680; New Node Array: 95 13 18 19 25
Group1; 5441.655067; 2026-07-06 13:43:58.979809; 
Group1; 5453.062652; 2026-07-06 13:44:10.387394; N95_NTC1 | N95_NTC2 | N95_TestSB || N13_NTC1 | N13_NTC2 | N13_TestSB || N18_NTC1 | N18_NTC2 | N18_TestSB || N19_NTC1 | N19_NTC2 | N19_TestSB || N25_NTC1 | N25_NTC2 | N25_TestSB
Group1; 5464.502127; 2026-07-06 13:44:21.826869; 969259 | 971047 | 971308 || 969638 | 969467 | 971591 || 971395 | 970347 | 969944 || 970658 | 968217 | 968459 || 968437 | 970069 | 970937
Group1; 5475.941702; 2026-07-06 13:44:33.266444; 969401 | 971145 | 971133 || 969724 | 969411 | 971454 || 971310 | 970235 | 969792 || 970600 | 968285 | 968491 || 968551 | 970123 | 971160
Group1; 5487.365391; 2026-07-06 13:44:44.690133; 969439 | 971049 | 971161 || 969518 | 969178 | 971345 || 971202 | 970132 | 969875 || 970723 | 968600 | 968728 || 968764 | 970065 | 970862
Group1; 5498.804877; 2026-07-06 13:44:56.129619; 969195 | 970878 | 971165 || 969488 | 969282 | 971490 || 971107 | 970152 | 969801 || 970535 | 968411 | 968648 || 968688 | 970020 | 970767
Group1; 5510.244563; 2026-07-06 13:45:07.569305; 969194 | 970812 | 970749 || 969347 | 969081 | 971315 || 971153 | 970075 | 969646 || 970417 | 968234 | 968353 || 968477 | 970047 | 970941
Group1; 5521.684245; 2026-07-06 13:45:19.008987; 969293 | 970949 | 970916 || 969455 | 969080 | 971273 || 971147 | 970034 | 969587 || 970375 | 968117 | 968364 || 968302 | 969768 | 970798
Group1; 5533.123701; 2026-07-06 13:45:30.448443; 969123 | 970795 | 970828 || 969322 | 969035 | 971265 || 971040 | 970032 | 969538 || 970410 | 968173 | 968334 || 968392 | 969853 | 970616
Group1; 5544.54721; 2026-07-06 13:45:41.871952; 969093 | 970761 | 970865 || 969336 | 969114 | 971544 || 971057 | 970065 | 969853 || 970523 | 968335 | 968487 || 968511 | 970090 | 970946
Group1; 5555.986957; 2026-07-06 13:45:53.311699; 969260 | 971056 | 971118 || 969373 | 969214 | 971576 || 971110 | 970113 | 969918 || 970644 | 968524 | 968693 || 968805 | 970344 | 971092
Group1; 5567.426643; 2026-07-06 13:46:04.751385; 969509 | 970944 | 970891 || 969717 | 969332 | 971580 || 971310 | 970307 | 969850 || 970717 | 968429 | 968493 || 968582 | 969856 | 970805
